x
0 1
1 0 0.282051282
2 0 0.564102564
3 0 0.153558052
4 0 0.15942029
5 0 0.272058824
6 0 0.270715389
7 0 0.315960912
8 0 0.368159204
9 0 0.13363029
10 0 0.204545455
11 0 0.222222222
12 0 0.302419355
13 0 0.104761905
14 0 0.136363636
15 0 0.307216495
16 0 0.275510204
17 0 0.201166181
18 0 0.07476635500000001
19 0 0.195402299
20 0 0.191489362
21 0 0.116883117
22 0 0.03960396
23 0 0.033707865
24 0 0.039039039
25 0 0.021505376
26 0 0.058823529
27 0 0.054945055
28 0 0.048484848
29 0 0.020833333
30 0 0.034482759
31 0 0.061403509
32 0 0.065934066
33 0 0.033707865
34 0 0.031746032
35 0 0.038961039
36 0 0.035714286
37 0 0.040697674
38 0 0.015384615
39 0 0.025316456
40 0 0.043478261
41 0 0.051948052
42 0 0.441558442
43 0 0.023255814
44 0 0.034013605
45 0 0.08433734900000001
46 0 0.053691275
47 0 0.02994012
48 0 0.039426523
49 0 0.057692308
50 0 0.036697248
51 0 0.034161491
52 0 0.065934066
53 0 0.023255814
54 0 0.025806452
55 0 0.048192771
56 0 0.077170418
57 0 0.027027027
58 0 0.022222222
59 0 0.06
60 0 0.035460993
61 0 0.02247191
62 0 0.022727273
63 0 0.048484848
64 0 0.030612245
65 0 0.026819923
66 0 0.028037383
67 0 0.04379562
68 0 0.06514658
69 0 0.015037594
70 0 0.027586207
71 0 0.028571429
72 0 0.028368794
73 0 0.017391304
74 0 0.020408163
75 0 0.026490066
76 0 0.02681388
77 0 0.020304569
78 0 0.013245033
79 0 0.045112782
80 0 0.030927835
81 0 0.030120482
82 0 0.026262626
83 0 0.026086957
84 0 0.034653465
85 0 0.021505376
86 0 0.048543689
87 0 0.020689655
88 0 0.031055901
89 0 0.037946429
90 0 0.043010753
91 0 0.064102564
92 0 0.077809798
93 0 0.017391304
94 0 0.028846154
95 0 0.023809524
96 0 0.031746032
97 0 0.030612245
98 0 0.018518519
99 0 0.020289855
100 0 0.027624309
101 0 0.024691358
102 0 0.120481928
103 0 0.032
104 0 0.025210084
105 0 0.096296296
106 0 0.032040472
107 0 0.017241379
108 0 0.058139535
109 0 0.011363636
110 0 0.016393443
111 0 0.027972028
112 0 0.036144578
113 0 0.012121212
114 0 0.016
115 0 0.07279693499999999
116 0 0.08148148099999999
117 0 0.032258065
118 0 0.012048193
119 0 0.015503876
120 0 0.032258065
121 0 0.054158607
122 0 0.061277034
123 0 0.028037383
124 0 0.038834951
125 0 0.016949153
126 0 0.116504854
127 0 0.058702369
128 0 0.061185468
129 0 0.018867925
130 0 0.040540541
131 0 0.037974684
132 0 0.043478261
133 0 0.025316456
134 0 0.024691358
135 0 0.032967033
136 0 0.032967033
137 0 0.029126214
138 0 0.016949153
139 0 0.029411765
140 0 0.046594982
141 0 0.041666667
142 0 0.039134912
143 0 0.032467532
144 0 0.028248588
145 0 0.037037037
146 0 0.063336766
147 0 0.176470588
148 0 0.028846154
149 0 0.02417962
150 0 0.030797101
151 0 0.049586777
152 0 0.03
153 0 0.028846154
154 0 0.016853933
155 0 0.08292682899999999
156 0 0.07804878
157 0 0.023076923
158 0 0.014492754
159 0 0.022880215
160 0 0.032258065
161 0 0.047619048
162 0 0.048484848
163 0 0.027027027
164 0 0.040540541
165 0 0.046511628
166 0 0.035928144
167 0 0.048780488
168 0 0.215
169 0 0.051546392
170 0 0.035
171 0 0.046728972
172 0 0.150943396
173 0 0.023809524
174 0 0.049382716
175 0 0.124004551
176 0 0.070745698
177 0 0.045649073
178 0 0.017921147
179 0 0.151162791
180 0 0.036144578
181 0 0.027027027
182 0 0.038461538
183 0 0.016949153
184 0 0.03125
185 0 0.019230769
186 0 0.021126761
187 0 0.022727273
188 0 0.03125
189 0 0.037946429
190 0 0.022452504
191 0 0.020833333
192 0 0.019047619
193 0 0.012195122
194 0 0.020689655
195 0 0.022177419
196 0 0.035897436
197 0 0.028571429
198 0 0.011904762
199 0 0.015037594
200 0 0.02173913
201 0 0.050505051
202 0 0.031578947
203 0 0.024096386
204 0 0.03125
205 0 0.01242236
206 0 0.038834951
207 0 0.038461538
208 0 0.037313433
209 0 0.023809524
210 0 0.037313433
211 0 0.052023121
212 0 0.045454545
213 0 0.022727273
214 0 0.025641026
215 0 0.025974026
216 0 0.034482759
217 0 0.026246719
218 0 0.037037037
219 0 0.032786885
220 0 0.028037383
221 0 0.0625
222 0 0.038461538
223 0 0.026785714
224 0 0.02764977
225 0 0.025
226 0 0.034782609
227 0 0.05785124
228 0 0.046643914
229 0 0.021276596
230 0 0.045977011
231 0 0.101010101
232 0 0.037974684
233 0 0.022058824
234 0 0.043010753
235 0 0.043902439
236 0 0.034965035
237 0 0.052493438
238 0 0.037735849
239 0 0.033057851
240 0 0.03960396
241 0 0.064935065
242 0 0.037974684
243 0 0.03125
244 0 0.032258065
245 0 0.064777328
246 0 0.052083333
247 0 0.03125
248 0 0.141509434
249 0 0.025423729
250 0 0.03875969
251 0 0.054794521
252 0 0.133603239
253 0 0.032258065
254 0 0.027522936
255 0 0.076086957
256 0 0.051051051
257 0 0.028985507
258 0 0.016806723
259 0 0.025862069
260 0 0.041860465
261 0 0.021126761
262 0 0.018181818
263 0 0.018348624
264 0 0.015037594
265 0 0.016129032
266 0 0.036585366
267 0 0.019230769
268 0 0.023809524
269 0 0.011764706
270 0 0.023529412
271 0 0.022988506
272 0 0.019230769
273 0 0.019047619
274 0 0.018018018
275 0 0.017316017
276 0 0.030927835
277 0 0.020408163
278 0 0.011904762
279 0 0.01369863
280 0 0.02739726
281 0 0.026785714
282 0 0.038961039
283 0 0.02892562
284 0 0.027210884
285 0 0.02
286 0 0.049382716
287 0 0.032258065
288 0 0.037383178
289 0 0.021052632
290 0 0.03030303
291 0 0.028901734
292 0 0.027522936
293 0 0.016806723
294 0 0.025477707
295 0 0.020547945
296 0 0.020618557
297 0 0.023255814
298 0 0.015384615
299 0 0.023809524
300 0 0.02962963
301 0 0.035928144
302 0 0.053846154
303 0 0.041322314
304 0 0.036437247
305 0 0.048192771
306 0 0.048780488
307 0 0.05
308 0 0.053658537
309 0 0.027027027
310 0 0.03125
311 0 0.029052876
312 0 0.046082949
313 0 0.018348624
314 0 0.022222222
315 0 0.165289256
316 0 0.044743935
317 0 0.024691358
318 0 0.011627907
319 0 0.025423729
320 0 0.030874786
321 0 0.035714286
322 0 0.120879121
323 0 0.032967033
324 0 0.037463977
325 0 0.022988506
326 0 0.048780488
327 0 0.042857143
328 0 0.08355795100000001
329 0 0.035714286
330 0 0.034188034
331 0 0.053763441
332 0 0.064356436
333 0 0.023809524
334 0 0.032258065
335 0 0.037037037
336 0 0.082474227
337 0 0.037037037
338 0 0.018691589
339 0 0.023809524
340 0 0.049019608
341 0 0.034883721
342 0 0.027972028
343 0 0.024429967
344 0 0.031446541
345 0 0.015479876
346 0 0.037956204
347 0 0.02
348 0 0.046511628
349 0 0.025906736
350 0 0.03030303
351 0 0.053571429
352 0 0.032786885
353 0 0.031496063
354 0 0.023529412
355 0 0.030612245
356 0 0.025751073
357 0 0.105109489
358 0 0.014150943
359 0 0.022556391
360 0 0.038961039
361 0 0.028301887
362 0 0.015384615
363 0 0.014150943
364 0 0.02247191
365 0 0.011764706
366 0 0.022727273
367 0 0.014084507
368 0 0.016574586
369 0 0.010752688
370 0 0.0125
371 0 0.018867925
372 0 0.014925373
373 0 0.009463722000000001
374 0 0.024390244
375 0 0.01754386
376 0 0.01754386
377 0 0.015384615
378 0 0.014336918
379 0 0.011111111
380 0 0.02
381 0 0.024793388
382 0 0.04
383 0 0.033834586
384 0 0.024875622
385 0 0.021505376
386 0 0.027027027
387 0 0.019354839
388 0 0.127906977
389 0 0.016129032
390 0 0.022222222
391 0 0.028
392 0 0.023255814
393 0 0.014184397
394 0 0.022988506
395 0 0.029360967
396 0 0.030075188
397 0 0.023041475
398 0 0.01369863
399 0 0.021978022
400 0 0.021978022
401 0 0.046875
402 0 0.038961039
403 0 0.032
404 0 0.034653465
405 0 0.024691358
406 0 0.04040404
407 0 0.028368794
408 0 0.033333333
409 0 0.020408163
410 0 0.047619048
411 0 0.038461538
412 0 0.035928144
413 0 0.016528926
414 0 0.038461538
415 0 0.035928144
416 0 0.032967033
417 0 0.033898305
418 0 0.015544041
419 0 0.026086957
420 0 0.045112782
421 -0.29750446 0.529260347
422 -0.316267271 0.532507634
423 -0.221053583 0.514055784
424 -0.275349656 0.501830279
425 -0.326368669 0.503922267
426 -0.384361579 0.503647867
427 -0.223161704 0.542988618
428 -0.254489806 0.540336208
429 -0.251410083 0.500742819
430 -0.221784784 0.711122461
431 -0.25988662 0.471195291
432 -0.324419357 0.47698573
433 -0.267938511 0.469941849
434 -0.242136973 0.685658888
435 -0.271673544 0.509587215
436 -0.283445838 0.507848682
437 -0.279513985 0.535775107
438 -0.246378039 0.470897927
439 -0.31791395 0.477146595
440 -0.35718443 0.682779137
441 -0.339855445 0.4853588
442 -0.278035733 0.521659794
443 -0.524674926 0.517956594
444 -0.371963663 0.511621344
445 -0.318633408 0.507624864
446 -0.310083268 0.4824764
447 -0.295742624 0.493527627
448 -0.264170708 0.5607188
449 -0.283166577 0.498720838
450 -0.370946992 0.666530358
451 -0.193920177 0.960420608
452 -0.242497785 0.85931683
453 -0.233365822 0.827313988
454 -0.217370031 0.842123818
455 -0.251045275 0.914642143
456 -0.288913996 0.937817054
457 -0.224011198 0.934386653
458 -0.230710573 0.8744984220000001
459 -0.237650761 0.8249230789999999
460 -0.200231368 0.80321118
461 -0.225731873 0.860596975
462 -0.217936505 0.818581728
463 -0.42822115 0.856488426
464 -0.206875749 0.8827779019999999
465 -0.26436285 0.787391553
466 -0.312248119 0.842276072
467 -0.214082724 0.837783494
468 -0.276234874 0.776071359
469 -0.311996664 0.727286639
470 -0.256496318 0.74339638
471 -0.279571648 0.72348697
472 -0.222961517 0.731172033
473 -0.399792556 0.705508017
474 -0.251185373 0.75488895
475 -0.266872624 0.745839879
476 -0.293479892 0.727036149
477 -0.322385176 0.686395766
478 -0.24428067 0.684711042
479 -0.244332779 0.692084703
480 -0.263799516 0.648056283
481 -0.188895915 0.767545761
482 -0.312210661 0.923896862
483 -0.260999504 1.020227628
484 -0.242683826 0.924441583
485 -0.248872119 0.879862358
486 -0.192613084 0.9936256020000001
487 -0.389329634 0.867132775
488 -0.175389224 1.011513194
489 -0.324720525 0.954898018
490 -0.261897132 0.8449614090000001
491 -0.226372913 0.978872365
492 -0.205613496 0.869144193
493 -0.223257144 0.788566748
494 -0.264529155 1.079362733
495 -0.316085231 0.922471287
496 -0.223128545 0.915865982
497 -0.226020291 1.079107734
498 -0.218736577 0.902364469
499 -0.209131659 0.796543173
500 -0.242112456 1.089562831
501 -0.197336187 0.937108571
502 -0.296923489 0.895810272
503 -0.293267751 0.9964625539999999
504 -0.268786766 0.915697142
505 -0.310909593 0.964989864
506 -0.214643435 1.006780811
507 -0.258611852 0.891571446
508 -0.240417527 0.928654226
509 -0.290701584 1.048698242
510 -0.29061763 0.856330823
511 -0.541027301 0.769653668
512 -0.712194346 0.749807859
513 -0.6079506180000001 0.762626558
514 -0.347346686 0.725308708
515 -0.37777347 0.832960978
516 -0.242772315 0.737198538
517 -0.474266387 0.6789976049999999
518 -0.369882666 0.710717226
519 -0.293626542 1.096900394
520 -0.35535023 0.818741117
521 -0.225984473 0.638326134
522 -0.479041029 0.652717628
523 -0.412345157 0.658953426
524 -0.266929217 0.679234204
525 -0.276541714 0.664789027
526 -0.217130801 0.667042799
527 -0.438464491 0.641319254
528 -0.292095316 0.661137617
529 -0.231211401 0.669871541
530 -0.235079125 0.648954595
531 -0.198297976 0.686245943
532 -0.479481291 0.673528257
533 -0.520723374 0.651404075
534 -0.533874311 1.13165024
535 -0.243230278 0.647465787
536 -0.286719776 0.626723257
537 -0.496479898 0.632322415
538 -0.296060196 0.693737171
539 -0.411100241 0.661412868
540 -0.224654236 0.654029437
541 -0.349320257 1.090762359
542 -0.326799347 1.3281801
543 -0.303393244 1.363664651
544 -0.270016876 1.288617949
545 -0.360263627 1.297063807
546 -0.254904184 1.351240641
547 -0.578028188 1.206966334
548 -0.211131787 1.390242565
549 -0.40155324 1.354178209
550 -0.317353945 1.148874249
551 -0.274332062 1.285739862
552 -0.234869109 1.253519547
553 -0.280488863 1.108452272
554 -0.214878614 1.45843856
555 -0.471740404 1.337745482
556 -0.2749458 1.279587917
557 -0.321873575 1.470020706
558 -0.297290402 1.257271098
559 -0.241832937 1.161403637
560 -0.316744296 1.494298607
561 -0.210387626 1.305806809
562 -0.305919934 1.27628541
563 -0.3309884 1.36804852
564 -0.271218218 1.293455453
565 -0.414748453 1.368443537
566 -0.287669764 1.375426445
567 -0.378519246 1.287457125
568 -0.352780362 1.283351302
569 -0.329671661 1.441139264
570 -0.352078504 1.159122928
571 -0.451030171 1.014230837
572 -0.370228641 1.177747396
573 -0.277758226 1.305198153
574 -0.280199566 1.210510104
575 -0.289555816 1.192070713
576 -0.356431204 1.288305452
577 -0.501317731 1.150101492
578 -0.246740486 1.265863506
579 -0.373803128 1.231862473
580 -0.228851051 1.082162162
581 -0.296529565 1.267387154
582 -0.219698275 1.132216069
583 -0.289399494 1.027396884
584 -0.241930485 1.421470465
585 -0.393903843 1.241497152
586 -0.208736658 1.166727727
587 -0.258589235 1.428132151
588 -0.296509212 1.205799221
589 -0.270196745 1.053549459
590 -0.396402823 1.405687936
591 -0.29157731 1.251683579
592 -0.363458678 1.183994381
593 -0.370844108 1.268491912
594 -0.479609716 1.179220172
595 -0.371286534 1.242339524
596 -0.235612676 1.32072028
597 -0.313890414 1.175867613
598 -0.391058277 1.213604699
599 -0.369727637 1.345916974
600 -0.310863108 1.031854423
601 -0.399834668 2.164177054
602 -0.708344546 2.085633417
603 -0.373958158 2.659943963
604 -0.343139107 2.42313169
605 -0.393554317 1.765522461
606 -0.6655648709999999 2.604271261
607 -0.559215767 1.841276046
608 -0.403644584 2.324274905
609 -0.381418893 2.558729115
610 -0.5002498319999999 1.880043684
611 -0.620354802 1.805334063
612 -0.419219328 2.446635551
613 -0.396603389 1.932999658
614 -0.368873359 1.83006156
615 -0.453850916 2.347290127
616 -0.345159654 2.104966185
617 -0.442808967 1.725586777
618 -0.531839298 2.330119993
619 -0.671081528 1.633333765
620 -0.791361194 1.934544543
621 -0.408638688 2.2167585
622 -0.432587672 1.850917707
623 -0.860947448 1.886043304
624 -0.641545861 2.170007435
625 -0.543669174 1.902402082
626 -0.509889208 1.533064169
627 -0.458101676 2.074458502
628 -0.692940297 1.716630692
629 -0.398378173 1.623063528
630 -0.45245143 1.997285389
631 -0.188974841 0.494156775
632 -0.244979319 0.485461813
633 -0.210848237 0.438844062
634 -0.288618149 0.436759185
635 -0.213847073 0.485320976
636 -0.261870029 0.34057487
637 -0.256244017 0.357964065
638 -0.298730379 0.378268379
639 -0.197487945 0.613164536
640 -0.216610741 0.630853199
641 -0.196518797 0.358127624
642 -0.196560478 0.306118204
643 -0.224047862 0.293585334
644 -0.333597975 0.441793287
645 -0.354858056 0.434972954
646 -0.269103665 0.334203333
647 -0.290277974 0.329220618
648 -0.229305209 0.35762222
649 -0.254870085 0.32969886
650 -0.264012192 0.523282443
651 -0.211664683 0.287370457
652 -0.265683877 0.309651049
653 -0.26921353 0.410165342
654 -0.296106945 0.402667693
655 -0.277120434 0.434143369
656 -0.314589899 0.360460243
657 -0.238964631 0.463047483
658 -0.218855316 0.511795196
659 -0.290478905 0.319426141
660 -0.250125176 0.512984122
661 -0.416971649 0.395795759
662 -0.323907531 0.371776716
663 -0.259563858 0.333499574
664 -0.29457557 0.376528195
665 -0.30985595 0.308290703
666 -0.366836917 0.354073919
667 -0.239160232 0.430018293
668 -0.295654497 0.333835911
669 -0.318818098 0.43381571
670 -0.29073255 0.599548275
671 -0.29974465 0.370768363
672 -0.337627183 0.283123616
673 -0.311996918 0.315701206
674 -0.291682666 0.554052908
675 -0.273907384 0.367820009
676 -0.275886192 0.372256284
677 -0.287317101 0.371614843
678 -0.279546228 0.396315055
679 -0.349318476 0.28449637
680 -0.36998085 0.558945512
681 -0.332187245 0.352720881
682 -0.303502253 0.42265654
683 -0.520054594 0.38271687
684 -0.396529312 0.334201918
685 -0.359796179 0.334943581
686 -0.288561755 0.359620737
687 -0.457930839 0.346373511
688 -0.341137996 0.487014133
689 -0.319295282 0.263428305
690 -0.392286376 0.554589993
691 -0.364908543 0.483514555
692 -0.320786533 0.328560093
693 -0.34515957 0.369448395
694 -0.25801944 0.314862995
695 -0.300014447 0.372240023
696 -0.347260932 0.373241551
697 -0.290481474 0.378030487
698 -0.293162683 0.387258039
699 -0.344002911 0.355066289
700 -0.274202679 0.341780185
701 -0.312267252 0.323763483
702 -0.283841592 0.455301424
703 -0.447726942 0.386628286
704 -0.270437086 0.383447468
705 -0.307594089 0.268997431
706 -0.314593386 0.259322457
707 -0.251742052 0.25928977
708 -0.350331809 0.289983244
709 -0.313791357 0.278277093
710 -0.303653475 0.325107766
711 -0.323605029 0.366374106
712 -0.287687565 0.253917598
713 -0.459020501 0.314778845
714 -0.326985903 0.298941725
715 -0.311767489 0.300060631
716 -0.331872544 0.306902356
717 -0.416012364 0.296337037
718 -0.349359996 0.485435474
719 -0.314602659 0.363711559
720 -0.290729796 0.318974928
721 -0.302699441 0.383622216
722 -0.32074697 0.344920094
723 -0.25647193 0.528559401
724 -0.368220916 0.340835351
725 -0.299453483 0.301297475
726 -0.25748921 0.511983161
727 -0.306562598 0.365738869
728 -0.301686133 0.461980939
729 -0.402726252 0.490527151
730 -0.300841087 0.300691964
731 -0.379760379 0.321360106
732 -0.298492232 0.440187911
733 -0.353406835 0.28927802
734 -0.313954605 0.300172436
735 -0.34797617 0.431583733
736 -0.285733755 0.36961226
737 -0.371696775 0.272468893
738 -0.335407826 0.417788717
739 -0.282770021 0.301539821
740 -0.353293044 0.322160632
741 -0.295895606 0.382105865
742 -0.379718876 0.359785441
743 -0.382612746 0.407272783
744 -0.294806351 0.374146936
745 -0.431128239 0.33943487
746 -0.28446082 0.349945126
747 -0.367843707 0.367039906
748 -0.312139742 0.549908792
749 -0.385755711 0.299939266
750 -0.418699572 0.388316531
751 -0.336264881 0.318529631
752 -0.370583999 0.305473012
753 -0.319755539 0.32360298
754 -0.29066822 0.305216177
755 -0.248765521 0.479886624
756 -0.31751565 0.38606904
757 -0.254601263 0.373868916
758 -0.271406012 0.269028005
759 -0.326980727 0.506818464
760 -0.265382236 0.532785881
761 -0.25694717 0.307675498
762 -0.341777595 0.294394488
763 -0.267936777 0.381996964
764 -0.299792053 0.289324706
765 -0.281695311 0.513269787
766 -0.267161943 0.313576821
767 -0.323680392 0.258399766
768 -0.297863416 0.351509787
769 -0.460672722 0.299127009
770 -0.294671433 0.540350163
771 -0.261610559 0.410542867
772 -0.490632576 0.400379041
773 -0.320510735 0.426850197
774 -0.312919828 0.62393413
775 -0.376510723 0.360649196
776 -0.31765626 0.328415885
777 -0.330886107 0.349729482
778 -0.335943089 0.6869348669999999
779 -0.300937091 0.300815423
780 -0.313983529 0.477871764
781 -0.29676304 0.408593045
782 -0.320391149 0.344809806
783 -0.291310354 0.61009937
784 -0.316699745 0.435718558
785 -0.302503845 0.338564906
786 -0.280336575 0.588367826
787 -0.340185676 0.349809056
788 -0.303623797 0.509827074
789 -0.395778225 0.5650823740000001
790 -0.310348037 0.353780308
791 -0.375976316 0.332014356
792 -0.270872537 0.515335364
793 -0.351317217 0.3030649
794 -0.285302408 0.321460588
795 -0.360609239 0.497184731
796 -0.318879658 0.433844582
797 -0.361483122 0.294495733
798 -0.334133321 0.482130345
799 -0.252144657 0.334483543
800 -0.36567414 0.3211476
801 -0.313947816 0.443344435
802 -0.380858785 0.338064801
803 -0.297283994 0.371072729
804 -0.313415039 0.442988359
805 -0.369819797 0.370931166
806 -0.276627845 0.366685405
807 -0.363164156 0.429388545
808 -0.341778966 0.564854355
809 -0.381038917 0.286849761
810 -0.432824034 0.445611176
811 -0.316922457 0.380281774
812 -0.352726324 0.339106506
813 -0.279003992 0.584515531
814 -0.390950396 0.428419001
815 -0.293662859 0.340907316
816 -0.266851843 0.57172808
817 -0.351205454 0.31063564
818 -0.301830414 0.483566657
819 -0.423503596 0.548529821
820 -0.298307926 0.327385839
821 -0.393485907 0.334559782
822 -0.256239046 0.48875808
823 -0.264802614 0.300351542
824 -0.30782646 0.311955322
825 -0.370007876 0.474095215
826 -0.251594078 0.410033034
827 -0.337262739 0.301295465
828 -0.361876024 0.457084027
829 -0.288675696 0.314224104
830 -0.389200338 0.307451102
831 -0.300910764 0.425850358
832 -0.328181297 0.355222606
833 -0.3783907 0.407095219
834 -0.343429199 0.422636551
835 -0.479669419 0.372432264
836 -0.308753676 0.383057682
837 -0.379139477 0.399670211
838 -0.340159914 0.5734844180000001
839 -0.417689506 0.272088118
840 -0.382080642 0.452251675
841 -0.29073163 0.477969698
842 -0.270615958 0.423889439
843 -0.295550389 0.677796679
844 -0.290216781 0.629721278
845 -0.269651648 0.465296771
846 -0.286346066 0.6531249730000001
847 -0.288699952 0.419971763
848 -0.333925779 0.588685508
849 -0.326520047 0.633495192
850 -0.328353902 0.47629385
851 -0.273530873 0.361538181
852 -0.283316569 0.587608115
853 -0.279526128 0.354530675
854 -0.324301957 0.353129297
855 -0.311224607 0.57270166
856 -0.267441435 0.497546598
857 -0.303316328 0.344112754
858 -0.350743063 0.542729718
859 -0.287631855 0.414377125
860 -0.32959564 0.430101905
861 -0.327362272 0.522231184
862 -0.445145263 0.396545015
863 -0.400495065 0.545466655
864 -0.340898762 0.561125206
865 -0.277677195 0.367551367
866 -0.475018914 0.327375479
867 -0.445688036 0.5085027640000001
868 -0.345410082 0.522794983
869 -0.319730339 0.317408135
870 -0.331774574 0.52749925
871 -0.269649339 0.508734004
872 -0.44211187 0.505827825
873 -0.278925575 0.448197903
874 -0.262867662 0.446031995
875 -0.29674511 0.44115115
876 -0.361953407 0.296981217
877 -0.328973569 0.29341752
878 -0.259529477 0.37663149
879 -0.26691403 0.428565003
880 -0.268403981 0.511391042
881 -0.292162227 0.288278853
882 -0.348121057 0.282830811
883 -0.32242449 0.354653864
884 -0.368001554 0.490735438
885 -0.352719061 0.331149194
886 -0.341175399 0.267496835
887 -0.344143942 0.308259984
888 -0.28396216 0.255876549
889 -0.378129948 0.312140411
890 -0.376556792 0.441926319
891 -0.257685602 0.340083203
892 -0.306658712 0.285094269
893 -0.38453384 0.29328381
894 -0.349341757 0.351479132
895 -0.388051696 0.288583138
896 -0.39723947 0.263267468
897 -0.356431358 0.350712061
898 -0.286768688 0.557061387
899 -0.336919837 0.382852953
900 -0.321016082 0.422248843
901 0.59437583 1.394329437
902 0.636470693 1.307251415
903 0.654476395 1.258239202
904 0.6323132809999999 1.292932175
905 0.680840351 1.309552865
906 0.599554618 1.356108697
907 0.549367729 1.224401925
908 0.675307788 1.277183082
909 0.538400475 1.310283118
910 0.391990096 1.279476178
911 0.627336856 1.293662523
912 0.692362736 1.321366532
913 0.6872761469999999 1.308638732
914 0.403270476 1.299901722
915 0.629625133 1.259805897
916 0.617976204 1.289649275
917 0.669804196 1.285459356
918 0.597553187 1.280045647
919 0.72166745 1.390822728
920 0.45294744 1.372247465
921 0.610824496 1.334298727
922 0.567111086 1.319564389
923 0.619378812 1.533591154
924 0.652088253 1.400528015
925 0.696729741 1.355432329
926 0.66997482 1.303175648
927 0.668038672 1.482473042
928 0.50720083 1.35089781
929 0.674617908 1.291574126
930 0.465827291 1.384538069
931 0.461967544 1.32573068
932 0.624097958 1.306309539
933 0.629731076 1.30928114
934 0.659503298 1.233841249
935 0.567046601 1.294670256
936 0.539694757 1.305476529
937 0.544939414 1.262850659
938 0.605391566 1.276385666
939 0.657326178 1.332567033
940 0.6532420880000001 1.272310869
941 0.675761123 1.304998651
942 0.528039426 1.25672905
943 0.584316941 1.387259694
944 0.584815412 1.263993538
945 0.714460856 1.282278675
946 0.713094012 1.312395981
947 0.712473646 1.240189935
948 0.6830418539999999 1.328313252
949 0.7278847349999999 1.322048256
950 0.653208889 1.285067064
951 0.608904577 1.377300991
952 0.69400973 1.262098032
953 0.696280055 1.495138735
954 0.686243466 1.296290064
955 0.705847212 1.281901507
956 0.684645676 1.319738056
957 0.65480439 1.417829957
958 0.510550941 1.306646744
959 0.662653083 1.346530929
960 0.667571091 1.30305546
961 0.615981229 1.297388927
962 0.658847722 1.280156557
963 0.469921426 1.256992772
964 0.6535613770000001 1.3651171
965 0.7052013 1.294045787
966 0.487544925 1.267145237
967 0.638044385 1.300940304
968 0.5354680509999999 1.29096087
969 0.5087153250000001 1.424158418
970 0.694941704 1.272966944
971 0.675257654 1.339010157
972 0.559284004 1.304921513
973 0.715710373 1.386004678
974 0.65528115 1.31697412
975 0.568815859 1.408614374
976 0.627579582 1.298551536
977 0.698385874 1.384594094
978 0.582990108 1.35964471
979 0.729288285 1.320106458
980 0.661063625 1.377107398
981 0.618614234 1.315080173
982 0.681307737 1.420605103
983 0.619366326 1.421123275
984 0.6231231 1.31105235
985 0.689863982 1.539629948
986 0.652234771 1.317323545
987 0.5844424459999999 1.467339795
988 0.454582056 1.347847811
989 0.725634667 1.412806868
990 0.59348256 1.409231337
991 0.680931159 1.334546697
992 0.69708103 1.364175957
993 0.682710725 1.305852013
994 0.68892916 1.283567204
995 0.509714067 1.249800168
996 0.617157267 1.289292595
997 0.656604231 1.251966431
998 0.672743889 1.291622047
999 0.49064342 1.339918642
1000 0.456081205 1.311664006
1001 0.696799441 1.291234245
1002 0.6052397309999999 1.390150925
1003 0.638154242 1.331338222
1004 0.688766078 1.309334662
1005 0.500142296 1.304893648
1006 0.652152975 1.317459218
1007 0.724955463 1.455371999
1008 0.607764657 1.365615172
1009 0.640254864 1.455312245
1010 0.449576883 1.324240549
1011 0.603971591 1.306304845
1012 0.5901594020000001 1.56488054
1013 0.599935376 1.392735328
1014 0.335312481 1.331958868
1015 0.619894032 1.388631355
1016 0.698369355 1.398768811
1017 0.629819738 1.343637403
1018 0.33111829 1.399944827
1019 0.703733466 1.422946326
1020 0.525968755 1.337218887
1021 0.593808826 1.295452487
1022 0.657239778 1.287113954
1023 0.388787632 1.288261766
1024 0.560673601 1.323254645
1025 0.671762604 1.296278587
1026 0.411763229 1.274940944
1027 0.661954544 1.337334363
1028 0.489134238 1.328798153
1029 0.434936679 1.422089453
1030 0.643178974 1.287465965
1031 0.663807646 1.320492188
1032 0.485249586 1.280725301
1033 0.699071314 1.393985332
1034 0.627989739 1.309713004
1035 0.50434245 1.420567555
1036 0.5689884589999999 1.338689146
1037 0.705103253 1.352809303
1038 0.519829428 1.338133938
1039 0.696834375 1.290345314
1040 0.672485539 1.409325168
1041 0.558930809 1.352307876
1042 0.687700563 1.4120261
1043 0.648146632 1.308459317
1044 0.561091169 1.370858532
1045 0.653432834 1.393063547
1046 0.651748769 1.34261612
1047 0.577029141 1.494240467
1048 0.440881126 1.365539376
1049 0.723907688 1.435138148
1050 0.5384791209999999 1.447831745
1051 0.613424593 1.31195017
1052 0.649170761 1.318853322
1053 0.414750531 1.26976909
1054 0.568551108 1.38978174
1055 0.667858964 1.295257794
1056 0.427771312 1.266743088
1057 0.694116441 1.345744758
1058 0.5167635739999999 1.297883071
1059 0.450556854 1.428604122
1060 0.668999564 1.274001637
1061 0.664744376 1.354361572
1062 0.510946317 1.258421054
1063 0.696222312 1.293340005
1064 0.653712026 1.319328372
1065 0.525748566 1.429448633
1066 0.592903303 1.249071546
1067 0.701913538 1.341014274
1068 0.542830332 1.417627985
1069 0.697166684 1.318823817
1070 0.668217745 1.425799173
1071 0.573849532 1.336824326
1072 0.687330969 1.376356394
1073 0.611789928 1.375303797
1074 0.583103767 1.369646541
1075 0.668105694 1.506379849
1076 0.603441354 1.327378485
1077 0.6003467810000001 1.447055382
1078 0.429186387 1.314398614
1079 0.72257415 1.38850184
1080 0.535598126 1.400887884
1081 0.521883599 1.277577537
1082 0.558872261 1.277401889
1083 0.32275871 1.29184383
1084 0.372733081 1.303739523
1085 0.547324207 1.274276673
1086 0.346574154 1.294369885
1087 0.615243098 1.285505123
1088 0.417941393 1.366077914
1089 0.365545175 1.356419805
1090 0.525347407 1.375407654
1091 0.598261197 1.303420793
1092 0.412679775 1.317117902
1093 0.655744849 1.327356977
1094 0.63328761 1.393662775
1095 0.434489793 1.341268918
1096 0.516708421 1.276271532
1097 0.649272161 1.320134953
1098 0.460914023 1.539280656
1099 0.607163624 1.314213562
1100 0.585121084 1.368771821
1101 0.491501865 1.384760212
1102 0.601087685 1.405340337
1103 0.366782602 1.450491205
1104 0.456768364 1.391714682
1105 0.592737227 1.346808771
1106 0.635972851 1.529092029
1107 0.511852762 1.472528039
1108 0.496258935 1.397112755
1109 0.658171073 1.44711731
1110 0.494532316 1.348439609
1111 0.491606269 1.264492666
1112 0.485289391 1.429458242
1113 0.548375658 1.287700331
1114 0.551496185 1.252163793
1115 0.558575719 1.299454967
1116 0.696386077 1.358905872
1117 0.714509002 1.321688159
1118 0.580254407 1.261724279
1119 0.524254238 1.246221696
1120 0.480705051 1.288487095
1121 0.727542149 1.312875175
1122 0.666798969 1.360942924
1123 0.607587959 1.301511017
1124 0.472230094 1.372078575
1125 0.670183839 1.320193119
1126 0.740863902 1.351371369
1127 0.671944562 1.320338052
1128 0.734870316 1.300228151
1129 0.661788418 1.411421845
1130 0.559742624 1.403880267
1131 0.552910922 1.248058792
1132 0.715960768 1.332895313
1133 0.669644166 1.396892321
1134 0.622633502 1.332500376
1135 0.704344063 1.417276828
1136 0.735425061 1.396044779
1137 0.632264751 1.334616729
1138 0.447487596 1.291978271
1139 0.588620825 1.359222946
1140 0.56800946 1.375416142
1141 0.081632653 0.765826042
1142 0.08749356699999999 0.735632184
1143 0.02173913 0.594936709
1144 0.09984560000000001 0.744897959
1145 0.010869565 0.6
1146 0.093495935 0.717948718
1147 0.02173913 0.6202531650000001
1148 0.065362841 0.673469388
1149 0.091954023 0.776634071
1150 0.071428571 0.663265306
1151 0.076086957 0.687296417
1152 0.093495935 0.717948718
1153 0.008196721000000001 0.615384615
1154 0.358974359 0.983606557
1155 0 0.34057971
1156 0.091954023 0.854863613
1157 0.054347826 0.485148515
1158 0.075 0.653061224
1159 0.115384615 0.756097561
1160 0.081632653 0.765826042
1161 0.061245497 0.495726496
1162 0.056 0.476635514
1163 0.010309278 0.367088608
1164 0.010989011 0.496062992
1165 0 0.453846154
1166 0.045112782 0.493975904
1167 0.007692308 0.348088531
1168 0.010989011 0.569767442
1169 0.010309278 0.410958904
1170 0.050847458 0.476635514
1171 0.024096386 0.453846154
1172 0.037593985 0.450549451
1173 0.051546392 0.445783133
1174 0.015067407 0.5600000000000001
1175 0 0.167785235
1176 0 0.430656934
1177 0.034883721 0.426829268
1178 0.069767442 0.476635514
1179 0.009090908999999999 0.558139535
1180 0.069767442 0.490566038
1181 0.025974026 0.465116279
1182 0.018691589 0.4
1183 0.011359441 31.39534884
1184 0.011359441 31.39534884
1185 0.011359441 31.39534884
1186 0.011359441 31.39534884
1187 0.011359441 31.39534884
1188 0.005679721 34.23423423
1189 0.005679721 34.23423423
1190 0.005679721 34.23423423
1191 0.005679721 34.23423423
1192 0.005679721 34.23423423
1193 0.00283986 22.98850575
1194 0.00283986 22.98850575
1195 0.00283986 22.98850575
1196 0.00283986 22.98850575
1197 0.00283986 22.98850575
1198 0.005679721 14.1025641
1199 0.005679721 14.1025641
1200 0.005679721 14.1025641
1201 0.005679721 14.1025641
1202 0.005679721 14.1025641
1203 0.011359441 91.30434783
1204 0.011359441 91.30434783
1205 0.011359441 91.30434783
1206 0.011359441 91.30434783
1207 0.011359441 91.30434783
1208 0.00283986 6.870229008
1209 0.00283986 6.870229008
1210 0.00283986 6.870229008
1211 0.00283986 6.870229008
1212 0.00283986 6.870229008
1213 0.00283986 8
1214 0.00283986 8
1215 0.00283986 8
1216 0.00283986 8
1217 0.00283986 8
1218 0.005679721 34.23423423
1219 0.005679721 34.23423423
1220 0.005679721 34.23423423
1221 0.005679721 34.23423423
1222 0.005679721 34.23423423
1223 0.011359441 31.39534884
1224 0.011359441 31.39534884
1225 0.011359441 31.39534884
1226 0.011359441 31.39534884
1227 0.011359441 31.39534884
1228 0.005679721 17.96407186
1229 0.005679721 17.96407186
1230 0.005679721 17.96407186
1231 0.005679721 17.96407186
1232 0.005679721 17.96407186
1233 0.011359441 16.78321678
1234 0.011359441 16.78321678
1235 0.011359441 16.78321678
1236 0.011359441 16.78321678
1237 0.011359441 16.78321678
1238 0.00283986 6.870229008
1239 0.00283986 6.870229008
1240 0.00283986 6.870229008
1241 0.00283986 6.870229008
1242 0.00283986 6.870229008
1243 0.044583148 62.02531646
1244 0.044583148 62.02531646
1245 0.044583148 62.02531646
1246 0.044583148 62.02531646
1247 0.044583148 62.02531646
1248 0.00283986 2.666666667
1249 0.00283986 2.666666667
1250 0.00283986 2.666666667
1251 0.00283986 2.666666667
1252 0.00283986 2.666666667
1253 0 87.20930233
1254 0 87.20930233
1255 0 87.20930233
1256 0 87.20930233
1257 0 87.20930233
1258 0.00283986 9.160305343999999
1259 0.00283986 9.160305343999999
1260 0.00283986 9.160305343999999
1261 0.00283986 9.160305343999999
1262 0.00283986 9.160305343999999
1263 0.005679721 31.81818182
1264 0.005679721 31.81818182
1265 0.005679721 31.81818182
1266 0.005679721 31.81818182
1267 0.005679721 31.81818182
1268 0.017039162 22.4137931
1269 0.017039162 22.4137931
1270 0.017039162 22.4137931
1271 0.017039162 22.4137931
1272 0.017039162 22.4137931
1273 0.014199301 23.91304348
1274 0.014199301 23.91304348
1275 0.014199301 23.91304348
1276 0.014199301 23.91304348
1277 0.014199301 23.91304348
1278 0.011359441 31.39534884
1279 0.011359441 31.39534884
1280 0.011359441 31.39534884
1281 0.011359441 31.39534884
1282 0.011359441 31.39534884
1283 0.00283986 14.95327103
1284 0.00283986 14.95327103
1285 0.00283986 14.95327103
1286 0.00283986 14.95327103
1287 0.00283986 14.95327103
1288 0 1
1289 0 1
1290 0 1
1291 0 1
1292 0 1
1293 0 1
1294 0 0.666666667
1295 0 1
1296 0 1
1297 0 1
1298 0 1
1299 0 1
1300 0 1
1301 0 1
1302 0 1
1303 0 1
1304 0 1
1305 0 1
1306 0 1
1307 0 1
1308 0 0.5
1309 0 1
1310 0 1
1311 0 1
1312 0 1
1313 0 1
1314 0 1
1315 0 1
1316 0 1
1317 0 1
1318 0 1
1319 0 1
1320 0 1
1321 0 1
1322 0 0.4
1323 0 1
1324 0 1
1325 0 1
1326 0 0.909090909
1327 0 1
1328 0 1
1329 0 0.5
1330 0 0.8
1331 0 0.5
1332 0 0.666666667
1333 0 0.6
1334 0 0.4
1335 0 0.714285714
1336 0 0.6
1337 0 1
1338 0 1
1339 0 1
1340 0 1
1341 0 1
1342 0 1
1343 0 0.6
1344 0 1
1345 0 1
1346 0 1
1347 0 1
1348 0 1
1349 0 1
1350 0 1
1351 0 1
1352 0 1
1353 0 1
1354 0 1
1355 0 1
1356 0 1
1357 0 0.7
1358 0 1
1359 0 1
1360 0 1
1361 0 1
1362 0 1
1363 0 1
1364 0 0.7
1365 0 1
1366 0 1
1367 0 1
1368 0 0.875
1369 0 1
1370 0 1
1371 0 1
1372 0 1
1373 0 1
1374 0 1
1375 0 1
1376 0 1
1377 0 1
1378 0 0.6
1379 0 0.666666667
1380 0 0.702702703
1381 0 1
1382 0 0.5
1383 0 0.666666667
1384 0 0.5
1385 0 0.5
1386 0 1
1387 0 1
1388 0 1
1389 0 1
1390 0 1
1391 0 1
1392 0 1
1393 0 1
1394 0 1
1395 0 1
1396 0 1
1397 0 1
1398 0 1
1399 0 0.666666667
1400 0 1
1401 0 1
1402 0 1
1403 0 1
1404 0 1
1405 0 1
1406 0 0.666666667
1407 0 1
1408 0 1
1409 0 1
1410 0 0.777777778
1411 0 1
1412 0 0.777777778
1413 0 0.666666667
1414 0 1
1415 0 1
1416 0 1
1417 0 1
1418 0 1
1419 0 1
1420 0 0.75
1421 0 1
1422 0 1
1423 0 1
1424 0 0.833333333
1425 0 0.928571429
1426 0 1
1427 0 0.666666667
1428 0 0.666666667
1429 0 0.9
1430 0 0.636363636
1431 0 0.666666667
1432 0 0.5
1433 0 0.5
1434 0 0.333333333
1435 0 1
1436 0 1
1437 0 1
1438 0 1
1439 0 1
1440 0 1
1441 0 0.666666667
1442 0 1
1443 0 1
1444 0 1
1445 0 1
1446 0 1
1447 0 1
1448 0 1
1449 0 1
1450 0 1
1451 0 1
1452 0 1
1453 0 1
1454 0 0.75
1455 0 0.5
1456 0 1
1457 0 1
1458 0 0.846153846
1459 0 1
1460 0 1
1461 0 0.666666667
1462 0 0.5
1463 0 1
1464 0 1
1465 0 1
1466 0 1
1467 0 1
1468 0 1
1469 0 0.666666667
1470 0 1
1471 0 1
1472 0 1
1473 0 1
1474 0 1
1475 0 1
1476 0 0.428571429
1477 0 0.5
1478 0 0.7
1479 0 0.75
1480 0 0.666666667
1481 0 0.5
1482 0 0.4
1483 0 0.555555556
1484 0 1
1485 0 1
1486 0 1
1487 0 0.833333333
1488 0 1
1489 0 1
1490 0 0.8
1491 0 1
1492 0 1
1493 0 1
1494 0 1
1495 0 1
1496 0 1
1497 0 0.333333333
1498 0 1
1499 0 1
1500 0 1
1501 0 1
1502 0 1
1503 0 0.833333333
1504 0 0.5
1505 0 1
1506 0 1
1507 0 1
1508 0 1
1509 0 1
1510 0 1
1511 0 0.5
1512 0 1
1513 0 1
1514 0 1
1515 0 1
1516 0 1
1517 0 1
1518 0 1
1519 0 1
1520 0 1
1521 0 0.857142857
1522 0 0.666666667
1523 0 1
1524 0 1
1525 0 0.4
1526 0 0.666666667
1527 0 0.75
1528 0 0.6
1529 0 0.5
1530 0 0.666666667
1531 0 0.583333333
1532 0 0.75
1533 0 1
1534 0 1
1535 0 1
1536 0 1
1537 0 1
1538 0 1
1539 0 0.586956522
1540 0 1
1541 0 1
1542 0 1
1543 0 1
1544 0 1
1545 0 1
1546 0 1
1547 0 1
1548 0 1
1549 0 1
1550 0 1
1551 0 0.833333333
1552 0 1
1553 0 0.5
1554 0 1
1555 0 1
1556 0 1
1557 0 1
1558 0 0.75
1559 0 0.777777778
1560 0 0.5
1561 0 1
1562 0 1
1563 0 1
1564 0 1
1565 0 1
1566 0 1
1567 0 0.6
1568 0 1
1569 0 1
1570 0 1
1571 0 0.75
1572 0 1
1573 0 1
1574 0 0.5
1575 0 0.6
1576 0 0.666666667
1577 0 0.454545455
1578 0 0.5
1579 0 0.5
1580 0 0.5
1581 0 0.333333333
1582 0 0.75
1583 0 0.75
1584 0 1
1585 0 0.5
1586 0 0.4
1587 0 0.666666667
1588 0 0.333333333
1589 0 1
1590 0 0.75
1591 0 1
1592 0 0.8
1593 0 0.666666667
1594 0 0.75
1595 0 0.351351351
1596 0 0.8
1597 0 0.777777778
1598 0 1
1599 0 0.5
1600 0 0.5
1601 0 0.428571429
1602 0 0.5
1603 0 0.571428571
1604 0 0.666666667
1605 0 0.5
1606 0 0.6
1607 0 0.5
1608 0 0.333333333
1609 0 0.333333333
1610 0 0.8
1611 0 0.615384615
1612 0 0.666666667
1613 0 0.666666667
1614 0 0.75
1615 0 0.333333333
1616 0 0.4
1617 0 0.6
1618 0 0.666666667
1619 0 0.6
1620 0 0.583333333
1621 0 0.578947368
1622 0 0.5
1623 0 0.538461538
1624 0 0.5
1625 0 1
1626 0 1
1627 0 0.25
1628 0 0.666666667
1629 0 0.4
1630 0 0.6
1631 16.122623 13118.92588
1632 17.854939 12768.50837
1633 18.411587 13209.71135
1634 17.575597 13161.90975
1635 17.810711 13315.2004
1636 15.77362 12780.82188
1637 16.120278 13093.6388
1638 15.526243 13037.53928
1639 15.823506 13038.70317
1640 14.68439 13116.88071
1641 16.106411 12522.94277
1642 12.289439 12662.07844
1643 17.801144 12808.15196
1644 15.875589 12893.41884
1645 16.207302 12430.04472
1646 14.401572 12813.64729
1647 14.643083 12646.4189
1648 14.733077 12889.57679
1649 14.209395 13048.63407
1650 12.675421 13211.88431
1651 12.622701 12983.76579
1652 12.722223 13163.98219
1653 12.316088 12847.77443
1654 11.144195 12823.18429
1655 11.539925 12663.04376
1656 11.228936 12503.60667
1657 11.112056 12635.14523
1658 12.265171 12383.62122
1659 9.536137 12792.75516
1660 8.181665000000001 12782.98863
1661 408851 332087373
1662 438890 328779138
1663 466030 344021977
1664 454542 347199976
1665 464800 335569621
1666 417612 337825982
1667 350462 335913764
1668 392297 343309906
1669 365028 340524214
1670 386793 332804361
1671 400997 321262009
1672 374128 324774988
1673 354094 332460006
1674 291720 324420598
1675 349327 321072614
1676 325442 323347330
1677 313670 331809456
1678 341809 333154394
1679 351790 344480355
1680 303399 344331985
1681 294825 338686167
1682 310930 339107509
1683 211865 331722793
1684 219966 329985864
1685 259750 322253844
1686 302325 324104536
1687 281423 325259636
1688 284206 317289109
1689 258057 328515577
1690 224944 330664091
1691 0 0.314852694
1692 0 0.584076925
1693 0 0.249098644
1694 0 0.151158807
1695 0 0.4661177
1696 0 0.242072557
1697 0 0.594349463
1698 0 0.6095021819999999
1699 0 0.135700008
1700 0 0.328997708
1701 0 0.432922455
1702 0 0.290860427
1703 0 0.133939811
1704 0 0.196445056
1705 0 0.418435469
1706 0 0.530856739
1707 0 0.238376106
1708 0 0.108275274
1709 0 0.26820751
1710 0 0.251866681
1711 0 1.65e-05
1712 0 4.07e-05
1713 0 5.99e-06
1714 0 5.81e-06
1715 0 7.19e-06
1716 0 1.55e-05
1717 0 1.38e-05
1718 0 1.43e-05
1719 0 5.83e-06
1720 0 9.16e-06
1721 0 9.459999999999999e-06
1722 0 1.36e-05
1723 0 4.97e-06
1724 0 5.28e-06
1725 0 1.52e-05
1726 0 1.25e-05
1727 0 9.02e-06
1728 0 2.74e-06
1729 0 6.12e-06
1730 0 8.199999999999999e-06
1731 0.026012315 0.052276809
1732 0.02797688 0.048558809
1733 0.02638982 0.046921508
1734 0.027310173 0.048116241
1735 0.028178796 0.047711232
1736 0.028262741 0.046865154
1737 0.024854164 0.04386664
1738 0.024192343 0.044319302
1739 0.0263087 0.045897558
1740 0.018441217 0.044937646
1741 0.026256016 0.041268899
1742 0.025794168 0.043280193
1743 0.02547221 0.043692559
1744 0.022724197 0.042761617
1745 0.016866002 0.039497849
1746 0.025511622 0.039607258
1747 0.022839052 0.040448959
1748 0.022385092 0.038399144
1749 0.024277877 0.038249583
1750 0.017263749 0.038322031
1751 0.02071582 0.039691268
1752 0.021471874 0.037479677
1753 0.022909488 0.039620462
1754 0.021500331 0.037236317
1755 0.020905784 0.03842972
1756 0.020496091 0.037492959
1757 0.019390284 0.037506911
1758 0.016452242 0.037646022
1759 0.017225397 0.036763886
1760 0.015800162 0.036685941
1761 0.028596028 0.048883066
1762 0.028749949 0.047832223
1763 0.025354655 0.05046969
1764 0.025503828 0.046910198
1765 0.025489664 0.053576034
1766 0.026750342 0.046896064
1767 0.026168308 0.04471797
1768 0.025400778 0.043468406
1769 0.025806209 0.044754082
1770 0.018829217 0.042149455
1771 0.026086355 0.041495465
1772 0.026381196 0.042239558
1773 0.027026707 0.042735643
1774 0.019180066 0.040815312
1775 0.020658883 0.039886082
1776 0.025400145 0.039801394
1777 0.024801582 0.040085787
1778 0.023694942 0.038547853
1779 0.025132608 0.038822943
1780 0.018039019 0.039261494
1781 0.022017722 0.037826819
1782 0.022953505 0.038038119
1783 0.018484076 0.041191291
1784 0.019190845 0.037847462
1785 0.022641204 0.03774001
1786 0.020493619 0.037076111
1787 0.020901378 0.037896782
1788 0.013882617 0.036821481
1789 0.017629983 0.037139879
1790 0.018282506 0.036312688
1791 0 579.7845022
1792 0 431.407316
1793 0 286.1375055
1794 0 448.497882
1795 0 133.099256
1796 0 869.5472793
1797 0 251.4384777
1798 0 538.8707231
1799 0 120.6697535
1800 0 526.4412206
1801 0 551.5591736
1802 0 786.6839292
1803 0 109.5349908
1804 0 233.3121199
1805 0 701.4900474999999
1806 0 644.5214944000001
1807 0 678.7026262000001
1808 0 121.4465974
1809 0 259.7248127
1810 0 845.4651182
1811 0.017598553 0.031260792
1812 0.016831648 0.031352172
1813 0.016674227 0.030717545
1814 0.016714325 0.034327546
1815 0.018853266 0.03264013
1816 0.018267055 0.032639375
1817 0.017792691 0.033364351
1818 0.016306358 0.031235469
1819 0.016776324 0.035284796
1820 0.013270969 0.032857672
1821 0.018038202 0.031081941
1822 0.017498854 0.030744887
1823 0.017688368 0.033269325
1824 0.014822117 0.0341299
1825 0.012800768 0.030564475
1826 0.018389155 0.031336572
1827 0.018718283 0.033359215
1828 0.01761345 0.032864404
1829 0.01739454 0.033425944
1830 0.014221239 0.031895503
1831 0.017094242 0.03204552
1832 0.018097865 0.033339258
1833 0.017876507 0.031593298
1834 0.018237007 0.031759402
1835 0.018389668 0.032297014
1836 0.017966912 0.032140291
1837 0.017440981 0.03245202
1838 0.012665783 0.03245975
1839 0.016986635 0.032164727
1840 0.013097536 0.033423943
1841 0 2047.340045
1842 0 1523.389243
1843 0 1010.411233
1844 0 1583.739597
1845 0 470.0012431
1846 0 3070.552868
1847 0 887.8817256999999
1848 0 1902.864955
1849 0 426.1100764
1850 0 1858.973788
1851 0 1947.670521
1852 0 2777.94509
1853 0 386.7909063
1854 0 823.8737743
1855 0 2477.107719
1856 0 2275.939872
1857 0 2396.64058
1858 0 428.8532743
1859 0 917.1425035
1860 0 2985.513733
1861 -0.018695227 0.026281038
1862 -0.013078417 0.022946467
1863 -0.017358314 0.023478265
1864 -0.013369012 0.020393124
1865 -0.012056918 0.023207154
1866 -0.008969273999999999 0.018311621
1867 -0.023245418 0.022573193
1868 -0.014052161 0.020355393
1869 -0.019925711 0.022037479
1870 -0.016912234 0.018057259
1871 -0.022027967 0.021286958
1872 -0.019354304 0.014929605
1873 -0.012767528 0.022879885
1874 -0.011220443 0.023402813
1875 -0.015495702 0.021933525
1876 -0.015299646 0.023596567
1877 -0.018482155 0.022726013
1878 -0.012581996 0.016796661
1879 -0.014732943 0.020955182
1880 -0.016027521 0.023252257
1881 -0.01726199 0.022069559
1882 -0.012789006 0.019640611
1883 -0.016279116 0.019712345
1884 -0.018769975 0.017318235
1885 -0.018035181 0.021488221
1886 -0.012025607 0.019717804
1887 -0.014133305 0.02299366
1888 -0.01189561 0.026355249
1889 -0.016238588 0.022879768
1890 -0.011967899 0.023177
1891 -0.01659669 0.022319102
1892 -0.014310172 0.017989933
1893 -0.019317726 0.025867772
1894 -0.012472689 0.023547113
1895 -0.019118054 0.021555167
1896 -0.011675671 0.019236387
1897 -0.01899974 0.019081286
1898 -0.018676596 0.017337993
1899 -0.023114582 0.022959537
1900 -0.01235841 0.022215715
1901 -0.016241666 0.023452478
1902 -0.016062161 0.027958379
1903 -0.019798251 0.023748084
1904 -0.011562012 0.019440914
1905 -0.01855935 0.022973213
1906 -0.014181473 0.020626326
1907 -0.018620065 0.023166063
1908 -0.012369414 0.01819991
1909 -0.014507021 0.01876139
1910 -0.017513245 0.018417326
1911 -0.015872507 0.019070377
1912 -0.012582562 0.019730828
1913 -0.016977559 0.021312336
1914 -0.017771796 0.022837442
1915 -0.020087613 0.025436734
1916 -0.010570818 0.025077171
1917 -0.02144343 0.018682926
1918 -0.017814697 0.027051956
1919 -0.024764819 0.019863354
1920 -0.020354659 0.023291524
