x
0 1
1 0.005154639 0.280898876
2 0 0.174418605
3 0 0.13592233
4 0 0.139442231
5 0 0.151898734
6 0 0.231707317
7 0 0.17440225
8 0 0.368159204
9 0 0.165876777
10 0 0.179487179
11 0.007462687 0.283950617
12 0 0.216981132
13 0 0.091743119
14 0 0.13740458
15 0 0.204433498
16 0.007462687 0.195876289
17 0 0.201166181
18 0 0.069767442
19 0 0.103092784
20 0.007142857 0.141791045
21 0 0.100671141
22 0 0.043478261
23 0 0.023755334
24 0 0.038610039
25 0 0.020304569
26 0 0.040650407
27 0 0.028571429
28 0 0.048484848
29 0 0.033333333
30 0 0.036144578
31 0 0.040609137
32 0 0.065789474
33 0 0.030075188
34 0 0.027272727
35 0 0.033898305
36 0 0.045454545
37 0 0.040697674
38 0 0.016806723
39 0 0.020725389
40 0 0.041666667
41 0 0.034782609
42 0 0.038834951
43 0 0.025316456
44 0 0.024793388
45 0 0.043010753
46 0 0.034090909
47 0 0.024793388
48 0 0.039426523
49 0 0.019417476
50 0 0.024590164
51 0 0.032786885
52 0 0.038095238
53 0 0.029126214
54 0 0.022727273
55 0 0.03
56 0 0.042801556
57 0 0.023622047
58 0 0.015151515
59 0 0.023255814
60 0 0.039473684
61 0 0.039473684
62 0 0.025316456
63 0 0.047619048
64 0 0.018181818
65 0 0.038135593
66 0 0.034285714
67 0 0.017142857
68 0 0.02739726
69 0 0.030470914
70 0 0.023529412
71 0 0.027624309
72 0 0.033333333
73 0 0.018181818
74 0 0.022556391
75 0 0.026490066
76 0 0.025
77 0 0.039215686
78 0 0.013245033
79 0 0.017241379
80 0 0.023255814
81 0 0.038610039
82 0 0.029126214
83 0 0.02484472
84 0 0.056
85 0 0.022058824
86 0 0.031358885
87 0 0.021428571
88 0 0.02
89 0 0.052380952
90 0 0.018867925
91 0 0.023121387
92 0 0.027027027
93 0 0.019047619
94 0 0.020408163
95 0 0.0234375
96 0 0.031746032
97 0 0.02
98 0 0.018518519
99 0 0.02
100 0 0.033149171
101 0 0.023255814
102 0 0.018612521
103 0 0.021186441
104 0 0.020408163
105 0 0.028673835
106 0 0.022900763
107 0 0.010309278
108 0 0.028673835
109 0 0.011235955
110 0 0.014925373
111 0 0.05
112 0 0.010695187
113 0 0.010416667
114 0 0.025
115 0 0.021186441
116 0 0.016949153
117 0 0.014878622
118 0 0.011627907
119 0 0.015503876
120 0 0.02189781
121 0 0.049469965
122 0 0.038709677
123 0 0.025773196
124 0 0.038327526
125 0 0.013071895
126 0 0.089201878
127 0 0.024291498
128 0 0.061185468
129 0 0.020618557
130 0 0.040540541
131 0 0.042857143
132 0 0.041666667
133 0 0.019417476
134 0 0.024691358
135 0 0.025210084
136 0 0.032653061
137 0 0.019230769
138 0 0.015873016
139 0 0.020100503
140 0 0.046594982
141 0 0.041666667
142 0 0.028846154
143 0 0.018640351
144 0 0.017094017
145 0 0.019417476
146 0 0.020408163
147 0 0.097183099
148 0 0.028409091
149 0 0.018518519
150 0 0.017241379
151 0 0.042857143
152 0 0.019480519
153 0 0.027777778
154 0 0.016736402
155 0 0.020681265
156 0 0.032894737
157 0 0.016666667
158 0 0.011111111
159 0 0.020408163
160 0 0.02173913
161 0 0.04964539
162 0 0.048484848
163 0 0.033333333
164 0 0.040540541
165 0 0.021276596
166 0 0.035928144
167 0 0.019704433
168 0 0.215
169 0 0.021276596
170 0 0.029411765
171 0 0.046511628
172 0 0.038461538
173 0 0.023255814
174 0 0.025056948
175 0 0.124004551
176 0 0.070745698
177 0 0.040697674
178 0 0.017921147
179 0 0.056737589
180 0 0.036144578
181 0 0.019047619
182 0 0.018867925
183 0 0.024930748
184 0 0.047619048
185 0 0.01242236
186 0 0.016949153
187 0 0.019417476
188 0 0.03125
189 0 0.031413613
190 0 0.02688172
191 0 0.020408163
192 0 0.02247191
193 0 0.011627907
194 0 0.011538462
195 0 0.022177419
196 0 0.021276596
197 0 0.01607717
198 0 0.01
199 0 0.017964072
200 0 0.01459854
201 0 0.026315789
202 0 0.023148148
203 0 0.02994012
204 0 0.02745098
205 0 0.012658228
206 0 0.028301887
207 0 0.020408163
208 0 0.048192771
209 0 0.024390244
210 0 0.036144578
211 0 0.037974684
212 0 0.051470588
213 0 0.025
214 0 0.031620553
215 0 0.015625
216 0 0.030456853
217 0 0.020618557
218 0 0.035294118
219 0 0.027027027
220 0 0.037593985
221 0 0.044715447
222 0 0.034285714
223 0 0.033472803
224 0 0.030927835
225 0 0.025316456
226 0 0.034482759
227 0 0.03
228 0 0.046643914
229 0 0.01734104
230 0 0.043859649
231 0 0.131313131
232 0 0.03255814
233 0 0.021428571
234 0 0.035087719
235 0 0.029126214
236 0 0.02970297
237 0 0.033333333
238 0 0.023952096
239 0 0.038461538
240 0 0.041450777
241 0 0.045112782
242 0 0.03875969
243 0 0.023668639
244 0 0.027607362
245 0 0.028571429
246 0 0.052083333
247 0 0.028571429
248 0 0.028301887
249 0 0.017241379
250 0 0.039473684
251 0 0.035087719
252 0 0.063253012
253 0 0.013953488
254 0 0.025641026
255 0 0.020408163
256 0 0.033112583
257 0 0.024390244
258 0 0.014084507
259 0 0.025862069
260 0 0.027972028
261 0 0.021126761
262 0 0.017241379
263 0 0.014925373
264 0 0.018518519
265 0 0.007633588
266 0 0.013245033
267 0 0.014184397
268 0 0.018518519
269 0 0.012048193
270 0 0.023529412
271 0 0.020408163
272 0 0.01459854
273 0 0.013513514
274 0 0.026315789
275 0 0.019417476
276 0 0.023529412
277 0 0.01754386
278 0 0.0125
279 0 0.016666667
280 0 0.018518519
281 0 0.025210084
282 0 0.027777778
283 0 0.018018018
284 0 0.021052632
285 0 0.0375
286 0 0.049382716
287 0 0.01744186
288 0 0.024096386
289 0 0.014336918
290 0 0.02739726
291 0 0.035087719
292 0 0.022222222
293 0 0.016806723
294 0 0.025641026
295 0 0.01754386
296 0 0.032608696
297 0 0.026548673
298 0 0.015384615
299 0 0.02962963
300 0 0.033613445
301 0 0.04519774
302 0 0.025862069
303 0 0.021582734
304 0 0.021803182
305 0 0.016666667
306 0 0.025089606
307 0 0.030927835
308 0 0.035294118
309 0 0.018181818
310 0 0.03125
311 0 0.030534351
312 0 0.01986755
313 0 0.016304348
314 0 0.02
315 0 0.08679927699999999
316 0 0.044743935
317 0 0.027972028
318 0 0.011111111
319 0 0.025906736
320 0 0.024817518
321 0 0.036363636
322 0 0.054474708
323 0 0.024029575
324 0 0.030456853
325 0 0.016
326 0 0.021354934
327 0 0.022727273
328 0 0.042424242
329 0 0.026315789
330 0 0.02484472
331 0 0.038461538
332 0 0.026315789
333 0 0.023255814
334 0 0.031746032
335 0 0.028571429
336 0 0.065517241
337 0 0.037037037
338 0 0.017316017
339 0 0.020725389
340 0 0.030927835
341 0 0.034883721
342 0 0.024390244
343 0 0.029850746
344 0 0.037037037
345 0 0.033898305
346 0 0.037956204
347 0 0.02
348 0 0.046511628
349 0 0.023255814
350 0 0.029126214
351 0 0.037356322
352 0 0.057142857
353 0 0.015873016
354 0 0.024896266
355 0 0.025906736
356 0 0.026548673
357 0 0.105109489
358 0 0.01754386
359 0 0.014851485
360 0 0.02739726
361 0 0.02247191
362 0 0.014336918
363 0 0.012345679
364 0 0.014285714
365 0 0.011764706
366 0 0.022727273
367 0 0.011494253
368 0 0.014336918
369 0 0.010204082
370 0 0.019417476
371 0 0.025
372 0 0.014925373
373 0 0.007692308
374 0 0.023529412
375 0 0.015652174
376 0 0.013157895
377 0 0.009389671
378 0 0.014336918
379 0 0.008928571
380 0 0.02
381 0 0.019480519
382 0 0.018518519
383 0 0.016666667
384 0 0.015873016
385 0 0.029411765
386 0 0.027027027
387 0 0.015873016
388 0 0.035460993
389 0 0.015037594
390 0 0.025641026
391 0 0.021857923
392 0 0.020408163
393 0 0.014184397
394 0 0.017857143
395 0 0.025906736
396 0 0.024242424
397 0 0.016304348
398 0 0.012820513
399 0 0.025641026
400 0 0.025316456
401 0 0.039548023
402 0 0.037974684
403 0 0.023529412
404 0 0.024691358
405 0 0.013888889
406 0 0.044444444
407 0 0.029126214
408 0 0.032051282
409 0 0.015037594
410 0 0.038461538
411 0 0.03626943
412 0 0.029069767
413 0 0.019736842
414 0 0.020547945
415 0 0.025906736
416 0 0.028409091
417 0 0.029126214
418 0 0.017142857
419 0 0.016666667
420 0 0.045112782
421 -0.27010796 0.364863569
422 -0.271243514 0.442630545
423 -0.336438679 0.369134019
424 -0.264817621 0.351282583
425 -0.271745863 0.389788502
426 -0.402407617 0.301686067
427 -0.255763386 0.43833585
428 -0.198694699 0.364498236
429 -0.251928582 0.360273694
430 -0.291108586 0.377886783
431 -0.219258661 0.375050377
432 -0.244982767 0.337549785
433 -0.234722506 0.387988715
434 -0.192563479 0.467618614
435 -0.194308198 0.302660456
436 -0.31917211 0.350999823
437 -0.222861437 0.362000679
438 -0.31876096 0.365867704
439 -0.342344069 0.357532825
440 -0.334011995 0.363734295
441 -0.277771253 0.465700187
442 -0.254177487 0.446534379
443 -0.282390696 0.411397978
444 -0.283747913 0.37320212
445 -0.248493157 0.316201768
446 -0.251494095 0.334856098
447 -0.305921252 0.352540967
448 -0.246266618 0.467558317
449 -0.237445086 0.329628011
450 -0.358871977 0.406273481
451 -0.237177026 0.693923106
452 -0.211797705 0.709526935
453 -0.177075019 0.711399826
454 -0.176424071 0.489064206
455 -0.217665324 0.534459435
456 -0.238994899 0.655603487
457 -0.155439367 0.495810965
458 -0.334499732 0.583158682
459 -0.248820532 0.66633661
460 -0.169380591 0.640449212
461 -0.225731873 0.611448537
462 -0.173272688 0.6634598739999999
463 -0.182923648 0.582092815
464 -0.258495359 0.521857241
465 -0.207078369 0.637184296
466 -0.312248119 0.538366853
467 -0.240002262 0.469764399
468 -0.200011575 0.654468914
469 -0.311996664 0.529135257
470 -0.250697687 0.579694014
471 -0.247182376 0.643667474
472 -0.222961517 0.606361903
473 -0.358797231 0.561950604
474 -0.198340073 0.628038881
475 -0.249046131 0.464311179
476 -0.293479892 0.456339284
477 -0.247007638 0.61095406
478 -0.207134439 0.559451681
479 -0.283785733 0.471096062
480 -0.170446676 0.608796482
481 -0.165753472 0.746521341
482 -0.171279064 0.639037701
483 -0.280375527 0.949236634
484 -0.164996504 0.60625537
485 -0.184513122 0.68518219
486 -0.213058068 0.934255619
487 -0.170171847 0.653539287
488 -0.182269138 0.690711646
489 -0.197019246 0.914947784
490 -0.198382036 0.698614847
491 -0.203034491 0.603246205
492 -0.205933927 0.86694137
493 -0.141035788 0.731900031
494 -0.254747238 0.638078105
495 -0.194295285 0.8599363290000001
496 -0.220486311 0.496008199
497 -0.187126076 0.630894735
498 -0.179445499 0.845487428
499 -0.244890649 0.635526523
500 -0.259231878 0.660543758
501 -0.252926082 0.813163078
502 -0.163918408 0.831788959
503 -0.282715833 0.653194022
504 -0.170250995 0.795547017
505 -0.310909593 0.691908565
506 -0.18604438 0.645458556
507 -0.338605486 0.802065798
508 -0.240417527 0.561941569
509 -0.273369366 0.602003505
510 -0.200447833 0.741409244
511 -0.316537542 0.458310391
512 -0.249880248 0.374568985
513 -0.206623305 0.420782382
514 -0.232105918 0.379728617
515 -0.186046811 0.40574501
516 -0.215802034 0.375481211
517 -0.133190748 0.418401095
518 -0.165901944 0.399774662
519 -0.19096514 0.385904739
520 -0.268852277 0.388662063
521 -0.294513913 0.40674442
522 -0.174413457 0.416750212
523 -0.194576628 0.459709355
524 -0.202632592 0.418600973
525 -0.24336601 0.375450576
526 -0.144216301 0.37359636
527 -0.222843911 0.406056935
528 -0.207345857 0.409872863
529 -0.197638124 0.359066092
530 -0.220090121 0.370419089
531 -0.185143148 0.411088984
532 -0.178977531 0.393945255
533 -0.131834477 0.427811006
534 -0.160317344 0.394871278
535 -0.163017838 0.368595177
536 -0.212513641 0.41299989
537 -0.265574523 0.353927681
538 -0.294917648 0.363300439
539 -0.172294746 0.418882304
540 -0.224654236 0.362711995
541 -0.187821612 1.038636755
542 -0.207192306 0.851218254
543 -0.29205185 1.363664651
544 -0.18518115 0.891640047
545 -0.273168386 0.95565045
546 -0.199757297 1.335772025
547 -0.19504742 0.917044752
548 -0.233687974 0.962769792
549 -0.222798393 1.306227349
550 -0.240697374 0.977296334
551 -0.177545453 0.783546533
552 -0.201191986 1.240800212
553 -0.218507702 0.98347671
554 -0.237664212 0.920847359
555 -0.269609566 1.218502604
556 -0.218019602 0.689551021
557 -0.188842377 0.882507263
558 -0.232916365 1.196940866
559 -0.295843118 0.8624099629999999
560 -0.306994639 0.85475738
561 -0.242058318 1.147718306
562 -0.204802228 1.068119115
563 -0.23313545 0.887016294
564 -0.194649265 1.111815244
565 -0.301981823 0.89716612
566 -0.258897827 0.833478558
567 -0.378519246 1.115432137
568 -0.262979903 0.743960056
569 -0.267931414 0.794694254
570 -0.221350909 1.034353313
571 -0.235562335 1.014230837
572 -0.249946775 0.884624792
573 -0.261979218 1.231019005
574 -0.19996348 0.8471311419999999
575 -0.214713282 0.903172164
576 -0.340055599 1.216968439
577 -0.212895355 0.880843775
578 -0.246740486 0.9338179049999999
579 -0.242419391 1.190020562
580 -0.187652546 0.9470502159999999
581 -0.252215381 0.847414157
582 -0.202137491 1.116759438
583 -0.219621969 0.985273886
584 -0.254457791 0.8929554669999999
585 -0.242374944 1.100994096
586 -0.19583332 0.687584706
587 -0.222926024 0.843734977
588 -0.203035586 1.078725238
589 -0.223366253 0.86928292
590 -0.287441623 0.83430302
591 -0.261468805 1.04266277
592 -0.217026866 1.088071747
593 -0.352035234 0.888888024
594 -0.183652702 1.022606648
595 -0.371286534 0.894607801
596 -0.224281645 0.878305236
597 -0.433622584 1.014337805
598 -0.391058277 0.745477362
599 -0.279413015 0.772644
600 -0.232264393 0.935430561
601 -0.348529012 2.164177054
602 -0.844550056 1.808715481
603 -0.332544313 2.659943963
604 -0.286860275 1.584579675
605 -0.338363664 1.735839433
606 -0.425283053 2.604271261
607 -0.507364692 1.841276046
608 -0.251512948 1.931966885
609 -0.338653223 2.558729115
610 -0.314261886 1.880043684
611 -0.416032541 1.610063338
612 -0.390967803 2.446635551
613 -0.350875794 1.932999658
614 -0.308895464 1.83006156
615 -0.382614122 2.347290127
616 -0.376875818 1.442573274
617 -0.350637968 1.725586777
618 -0.431157135 2.330119993
619 -0.329716875 1.483574115
620 -0.657235671 1.556853403
621 -0.350346803 2.2167585
622 -0.383481882 1.850917707
623 -0.480703176 1.633958138
624 -0.733039809 2.170007435
625 -0.459957525 1.437630416
626 -0.371014152 1.478308345
627 -0.350630167 2.074458502
628 -0.422758948 1.204425621
629 -0.405675414 1.423937834
630 -0.336314182 1.997285389
631 -0.184172546 0.494156775
632 -0.244979319 0.485461813
633 -0.197852558 0.438844062
634 -0.210555059 0.436759185
635 -0.274446441 0.432405632
636 -0.1759055 0.335444993
637 -0.144235198 0.287058771
638 -0.214709403 0.309541097
639 -0.179453724 0.319924572
640 -0.181806035 0.333198103
641 -0.1691709 0.387458133
642 -0.206622424 0.288487246
643 -0.232514409 0.32505053
644 -0.203261563 0.368075941
645 -0.201581732 0.352915219
646 -0.235016317 0.342623848
647 -0.231517322 0.293267861
648 -0.202980466 0.376141474
649 -0.211970651 0.331713686
650 -0.286470609 0.343592079
651 -0.211664683 0.291507748
652 -0.216346203 0.261077938
653 -0.221121855 0.339784527
654 -0.296106945 0.402667693
655 -0.264550876 0.27660276
656 -0.272826419 0.269514103
657 -0.257643743 0.332347173
658 -0.213052756 0.324416184
659 -0.28285203 0.315185531
660 -0.301388453 0.337567643
661 -0.289942287 0.24641556
662 -0.254534361 0.312398839
663 -0.35509862 0.288836914
664 -0.242534749 0.262492009
665 -0.271043544 0.233304349
666 -0.478919431 0.227741957
667 -0.213325567 0.334841207
668 -0.231404263 0.258695572
669 -0.318818098 0.277145752
670 -0.354819588 0.20532687
671 -0.272606443 0.370768363
672 -0.294740173 0.32531285
673 -0.297248409 0.407952986
674 -0.208411636 0.365977647
675 -0.252329536 0.269838382
676 -0.318652369 0.342737816
677 -0.234385098 0.262378925
678 -0.300637268 0.258103885
679 -0.301716212 0.242445615
680 -0.350853466 0.312681134
681 -0.308096049 0.352720881
682 -0.316026834 0.332360018
683 -0.262896381 0.38271687
684 -0.322571862 0.332165378
685 -0.298606669 0.217159157
686 -0.283855107 0.251880291
687 -0.374043224 0.335525234
688 -0.267572881 0.364677144
689 -0.297738451 0.2674327
690 -0.351983202 0.355983481
691 -0.266481547 0.268289757
692 -0.272940117 0.258326556
693 -0.246442863 0.369448395
694 -0.307338374 0.314862995
695 -0.283958459 0.341159053
696 -0.331255661 0.296927137
697 -0.233000469 0.368212053
698 -0.389641437 0.28090267
699 -0.274311639 0.308976251
700 -0.231871941 0.239948858
701 -0.250456492 0.227155348
702 -0.232237342 0.268792166
703 -0.300889507 0.353803028
704 -0.287359682 0.374035142
705 -0.231237724 0.294390387
706 -0.314593386 0.260842463
707 -0.257945908 0.23110803
708 -0.35814577 0.289983244
709 -0.313791357 0.303439442
710 -0.251726305 0.272088381
711 -0.267525541 0.366374106
712 -0.287687565 0.216359009
713 -0.33186994 0.268280525
714 -0.30753101 0.293297251
715 -0.362082319 0.193368974
716 -0.331872544 0.379461376
717 -0.245453865 0.246618855
718 -0.287336987 0.442544872
719 -0.331187906 0.361974158
720 -0.276931519 0.298469855
721 -0.308093356 0.383622216
722 -0.230618078 0.276461613
723 -0.331633915 0.528559401
724 -0.227944655 0.278585138
725 -0.262758126 0.301297475
726 -0.276292493 0.511983161
727 -0.232530426 0.280724389
728 -0.301686133 0.28579938
729 -0.222674092 0.490527151
730 -0.236582783 0.25787389
731 -0.220188259 0.265643686
732 -0.225521107 0.440187911
733 -0.331426101 0.239202112
734 -0.262322234 0.252009587
735 -0.217193259 0.431583733
736 -0.269659339 0.30207556
737 -0.288024186 0.325421314
738 -0.287988042 0.417788717
739 -0.242307313 0.237121091
740 -0.362090183 0.263307971
741 -0.294696637 0.382105865
742 -0.267480966 0.350158042
743 -0.295589021 0.288417083
744 -0.281031611 0.362092643
745 -0.431128239 0.261034771
746 -0.263452575 0.242506733
747 -0.398052807 0.367039906
748 -0.293034272 0.27788926
749 -0.260733352 0.277703031
750 -0.281362574 0.302880384
751 -0.251272228 0.314171239
752 -0.303216386 0.266041305
753 -0.230323345 0.242403951
754 -0.246028982 0.302457729
755 -0.218507193 0.296058086
756 -0.312307561 0.206729602
757 -0.211992126 0.330313671
758 -0.248288733 0.257017724
759 -0.251956523 0.253567265
760 -0.260275587 0.223634671
761 -0.322976926 0.316149502
762 -0.252787859 0.250808313
763 -0.326689292 0.271425295
764 -0.296828949 0.264712237
765 -0.261147225 0.343021507
766 -0.236625528 0.248223025
767 -0.321439325 0.423632124
768 -0.297863416 0.298699515
769 -0.24069115 0.252800025
770 -0.248266859 0.393089073
771 -0.237823527 0.218172811
772 -0.295870236 0.290019963
773 -0.256277088 0.301389644
774 -0.252461597 0.245208604
775 -0.242633364 0.301837756
776 -0.304715966 0.223376519
777 -0.267400482 0.279741475
778 -0.335943089 0.342170279
779 -0.270942884 0.300815423
780 -0.282423782 0.279208953
781 -0.328439554 0.408593045
782 -0.259560325 0.306558303
783 -0.336757603 0.61009937
784 -0.272046547 0.331591957
785 -0.29661201 0.338564906
786 -0.26524597 0.588367826
787 -0.277345494 0.329455806
788 -0.278710179 0.343244733
789 -0.239368384 0.5650823740000001
790 -0.276423374 0.27737466
791 -0.23631486 0.282955569
792 -0.211381922 0.515335364
793 -0.323888369 0.255321863
794 -0.300714633 0.263039416
795 -0.268883504 0.497184731
796 -0.265544627 0.268057879
797 -0.298588319 0.319989807
798 -0.282523488 0.482130345
799 -0.263055078 0.24745611
800 -0.361039674 0.268806984
801 -0.300894034 0.443344435
802 -0.294487066 0.318846667
803 -0.247851815 0.290359259
804 -0.231660523 0.414665365
805 -0.369819797 0.24928282
806 -0.279656191 0.247665359
807 -0.412515779 0.415566333
808 -0.257193716 0.268758546
809 -0.291166583 0.276076959
810 -0.272902228 0.353434211
811 -0.291148359 0.3722365
812 -0.260657454 0.288230141
813 -0.3403971 0.584515531
814 -0.258090321 0.345828329
815 -0.262126849 0.340907316
816 -0.333634361 0.57172808
817 -0.258931348 0.276810844
818 -0.301830414 0.307075041
819 -0.254734706 0.548529821
820 -0.247197746 0.23201633
821 -0.248338666 0.278662109
822 -0.24467168 0.48875808
823 -0.311502159 0.22280306
824 -0.235152636 0.257166624
825 -0.244553809 0.474095215
826 -0.294355949 0.331489918
827 -0.309006235 0.301295465
828 -0.245545061 0.457084027
829 -0.25383916 0.258479282
830 -0.337380553 0.259251082
831 -0.287106016 0.425850358
832 -0.284432529 0.301749717
833 -0.344897392 0.287768602
834 -0.28654154 0.408043905
835 -0.479669419 0.263464441
836 -0.266657813 0.222524121
837 -0.373588586 0.399670211
838 -0.340159914 0.312848216
839 -0.251442413 0.250368534
840 -0.267505 0.334710738
841 -0.276780167 0.477969698
842 -0.330186421 0.384779459
843 -0.256117356 0.677796679
844 -0.285162618 0.486288026
845 -0.269651648 0.465296771
846 -0.281392796 0.6531249730000001
847 -0.29171133 0.419971763
848 -0.275467886 0.405398604
849 -0.265537815 0.633495192
850 -0.297206752 0.38750378
851 -0.269824819 0.361538181
852 -0.283316569 0.587608115
853 -0.282946862 0.317303271
854 -0.258426664 0.303532458
855 -0.249736038 0.545307779
856 -0.279786037 0.2800279
857 -0.269209963 0.254683609
858 -0.288986079 0.538551497
859 -0.287631855 0.374004163
860 -0.279874414 0.284254718
861 -0.245588818 0.491438462
862 -0.356757692 0.318739152
863 -0.27729429 0.37133155
864 -0.278412411 0.470745545
865 -0.258049448 0.362487478
866 -0.454010413 0.251849187
867 -0.302770873 0.431012004
868 -0.296330494 0.289447017
869 -0.299310244 0.318086072
870 -0.268730807 0.399000708
871 -0.25513008 0.508734004
872 -0.44211187 0.499949776
873 -0.192049445 0.448197903
874 -0.239876989 0.446031995
875 -0.31518055 0.44115115
876 -0.306821911 0.296981217
877 -0.216271395 0.271704808
878 -0.238873089 0.285136136
879 -0.260568793 0.3185642
880 -0.273623729 0.247221534
881 -0.231070646 0.28492346
882 -0.332991266 0.255184811
883 -0.285714332 0.338408832
884 -0.306565527 0.304805297
885 -0.244024826 0.21414044
886 -0.314462627 0.282282423
887 -0.248032908 0.265562663
888 -0.265004826 0.219257781
889 -0.271020513 0.205281767
890 -0.376556792 0.341983626
891 -0.373682273 0.297505325
892 -0.305744621 0.217736151
893 -0.230367365 0.29328381
894 -0.349341757 0.243833142
895 -0.315515812 0.273483217
896 -0.322937768 0.343363889
897 -0.313269093 0.296884751
898 -0.30983405 0.26114752
899 -0.336919837 0.288670718
900 -0.321016082 0.26555722
901 0.747523553 1.276769302
902 0.673156635 1.246112482
903 0.699114932 1.324389651
904 0.72361434 1.239773002
905 0.74712646 1.275491233
906 0.77037429 1.469798345
907 0.654455841 1.209036553
908 0.752344897 1.241055781
909 0.731907403 1.310283118
910 0.775862473 1.358345731
911 0.627336856 1.256909641
912 0.68488909 1.321366532
913 0.602117791 1.30555222
914 0.620256599 1.209325347
915 0.714195056 1.228712088
916 0.66381934 1.31422336
917 0.719528364 1.25339205
918 0.734732384 1.290870341
919 0.739119492 1.280408581
920 0.64986051 1.349310493
921 0.633383416 1.302804118
922 0.618963745 1.327319126
923 0.619378812 1.302509058
924 0.668894077 1.345930673
925 0.733401706 1.313557246
926 0.68893541 1.28052647
927 0.695963561 1.37454545
928 0.6255387 1.264549815
929 0.716835156 1.293359404
930 0.676653041 1.337064148
931 0.715070881 1.243438856
932 0.700279562 1.261259575
933 0.629731076 1.223824598
934 0.681552069 1.276317648
935 0.639135887 1.25198249
936 0.700341215 1.301932134
937 0.623246656 1.219644095
938 0.6912647200000001 1.386246967
939 0.687260807 1.254492936
940 0.7202588599999999 1.2036708
941 0.761304015 1.228642524
942 0.726799408 1.223421299
943 0.635053613 1.259601373
944 0.595734502 1.276993635
945 0.629905419 1.22747071
946 0.730960612 1.312395981
947 0.712473646 1.258298888
948 0.704556017 1.343226334
949 0.715396171 1.322048256
950 0.689769102 1.258612667
951 0.608904577 1.268740668
952 0.775569991 1.262098032
953 0.722890567 1.351616884
954 0.702828365 1.319308441
955 0.762767042 1.394391227
956 0.664257022 1.319738056
957 0.757157709 1.272765806
958 0.548597454 1.290005649
959 0.643708351 1.301314599
960 0.6985318619999999 1.269871112
961 0.615981229 1.288972624
962 0.723188019 1.229521013
963 0.469921426 1.32366548
964 0.7252647760000001 1.226208196
965 0.7052013 1.260140349
966 0.487544925 1.265702525
967 0.737067487 1.231876931
968 0.7184534299999999 1.288189294
969 0.5087153250000001 1.242659979
970 0.747837133 1.271353328
971 0.7260850210000001 1.22862083
972 0.559284004 1.263428135
973 0.748428307 1.279077179
974 0.730053999 1.252116578
975 0.568815859 1.233619533
976 0.695379697 1.267102123
977 0.693232176 1.292670743
978 0.582990108 1.283378458
979 0.725565881 1.248169422
980 0.729402167 1.346514768
981 0.618614234 1.332635974
982 0.685083956 1.298405138
983 0.6902211150000001 1.314963529
984 0.638473128 1.279017211
985 0.755630867 1.539629948
986 0.772881062 1.35262911
987 0.633319599 1.533924175
988 0.712607239 1.350905847
989 0.73642528 1.304886543
990 0.697149041 1.299878284
991 0.686990137 1.239459119
992 0.6843644719999999 1.264706467
993 0.7539279 1.230153339
994 0.68892916 1.27325749
995 0.729877877 1.242708413
996 0.74944401 1.241988392
997 0.667925046 1.201661261
998 0.720267463 1.262959351
999 0.703657823 1.26338416
1000 0.735569187 1.266449207
1001 0.692536551 1.338834826
1002 0.7502148 1.271118462
1003 0.720272874 1.376635727
1004 0.7106908669999999 1.333754245
1005 0.601205137 1.266604421
1006 0.713666442 1.267480215
1007 0.671555695 1.349497708
1008 0.6458820750000001 1.365615172
1009 0.67766586 1.257871067
1010 0.623832205 1.356861851
1011 0.723993809 1.309711404
1012 0.686193843 1.369457374
1013 0.697958761 1.304466444
1014 0.706982392 1.275023738
1015 0.6492160729999999 1.303366452
1016 0.717715369 1.377163587
1017 0.6675014419999999 1.337382174
1018 0.621977497 1.468813931
1019 0.675798655 1.36405579
1020 0.636970807 1.301059907
1021 0.593808826 1.311344035
1022 0.697962776 1.258719076
1023 0.388787632 1.327758405
1024 0.67918671 1.270766039
1025 0.671762604 1.289333134
1026 0.411763229 1.255973541
1027 0.694916753 1.277232945
1028 0.663388715 1.318089152
1029 0.434936679 1.261768631
1030 0.686260065 1.307131508
1031 0.72249231 1.234490413
1032 0.485249586 1.247991944
1033 0.744729672 1.277406467
1034 0.729386324 1.275936502
1035 0.50434245 1.245797653
1036 0.7217262169999999 1.293221217
1037 0.707837286 1.291771879
1038 0.519829428 1.33138114
1039 0.754456521 1.280129712
1040 0.719204468 1.308162132
1041 0.558930809 1.322794463
1042 0.715620606 1.312265784
1043 0.737463293 1.253637594
1044 0.587720815 1.234306918
1045 0.696814537 1.393063547
1046 0.743418201 1.369887808
1047 0.586765586 1.535748598
1048 0.724156316 1.365539376
1049 0.731178167 1.337566066
1050 0.649122956 1.301720117
1051 0.627945789 1.27708644
1052 0.710211411 1.253160706
1053 0.414750531 1.322339248
1054 0.660471672 1.256592887
1055 0.667858964 1.261107065
1056 0.427771312 1.33962921
1057 0.702967571 1.257936968
1058 0.695600601 1.296823786
1059 0.450556854 1.284780659
1060 0.75987437 1.246313182
1061 0.71132994 1.255045951
1062 0.510946317 1.227050185
1063 0.772228359 1.262990351
1064 0.7171794419999999 1.224374011
1065 0.525748566 1.264112643
1066 0.674711128 1.320775035
1067 0.701913538 1.333393498
1068 0.542830332 1.285560564
1069 0.731495455 1.246017378
1070 0.724754979 1.288944806
1071 0.573849532 1.253589566
1072 0.740466625 1.285885968
1073 0.732142832 1.364047715
1074 0.591719463 1.258419627
1075 0.71234499 1.506379849
1076 0.7379603219999999 1.320564951
1077 0.6003467810000001 1.447055382
1078 0.70918457 1.318832712
1079 0.713648439 1.27846521
1080 0.6651461870000001 1.290318525
1081 0.521883599 1.27619974
1082 0.617791953 1.315249869
1083 0.32275871 1.271941386
1084 0.511521889 1.284269288
1085 0.547324207 1.269244282
1086 0.346574154 1.308532034
1087 0.617878575 1.308184543
1088 0.62142959 1.266497737
1089 0.365545175 1.272947539
1090 0.637531728 1.295745678
1091 0.666819497 1.275122017
1092 0.412679775 1.317117902
1093 0.665272852 1.279387756
1094 0.684848769 1.260329057
1095 0.454296391 1.269711279
1096 0.734803152 1.288386376
1097 0.704770232 1.320134953
1098 0.460914023 1.329267119
1099 0.581565753 1.303268967
1100 0.703171226 1.280577599
1101 0.508453885 1.301628855
1102 0.706830279 1.398638954
1103 0.640032672 1.314978932
1104 0.529162433 1.325614889
1105 0.554755858 1.322181068
1106 0.747810112 1.38098636
1107 0.569626591 1.362782771
1108 0.677282398 1.328940583
1109 0.7260306050000001 1.348533023
1110 0.60286883 1.327991735
1111 0.491606269 1.252378935
1112 0.502921945 1.429458242
1113 0.548375658 1.182692196
1114 0.551496185 1.232855421
1115 0.558575719 1.322010132
1116 0.69910626 1.31804181
1117 0.720707702 1.203422588
1118 0.714461378 1.244408292
1119 0.681747221 1.246221696
1120 0.738585998 1.259268913
1121 0.677295536 1.240591429
1122 0.747913287 1.359725187
1123 0.611224706 1.303560538
1124 0.715963425 1.271677113
1125 0.7840768890000001 1.262321749
1126 0.725356828 1.287279776
1127 0.711949571 1.25731443
1128 0.767256498 1.271668361
1129 0.788724828 1.265097409
1130 0.63422888 1.403880267
1131 0.720386771 1.307875521
1132 0.717233511 1.347799167
1133 0.708021967 1.252523593
1134 0.769120543 1.336600177
1135 0.69109295 1.366920044
1136 0.6623672900000001 1.338957504
1137 0.728574297 1.302548279
1138 0.737704107 1.358812015
1139 0.699280847 1.308084619
1140 0.757167635 1.375416142
1141 0.061728395 0.551546392
1142 0.18556701 0.721649485
1143 0.090909091 0.654320988
1144 0.212290503 0.668539326
1145 0.154228856 0.543209877
1146 0.093495935 0.443396226
1147 0.121387283 0.691358025
1148 0.122905028 0.592783505
1149 0.074074074 0.551546392
1150 0.177165354 0.592039801
1151 0.198795181 0.6049382720000001
1152 0.093495935 0.443396226
1153 0.012345679 0.320754717
1154 0.515463918 0.975308642
1155 0 0.304878049
1156 0.181434599 0.704225352
1157 0.116883117 0.485148515
1158 0.12345679 0.582089552
1159 0.24609375 0.785714286
1160 0.061728395 0.551546392
1161 0.114035088 0.551546392
1162 0.036144578 0.407142857
1163 0.03626943 0.363372093
1164 0.09146341500000001 0.456896552
1165 0.145454545 0.45508982
1166 0.078005115 0.387878788
1167 0.017921147 0.341463415
1168 0.083333333 0.460992908
1169 0.062176166 0.414414414
1170 0.048192771 0.416666667
1171 0.114285714 0.448863636
1172 0.06122449 0.387878788
1173 0.062146893 0.367088608
1174 0.025 0.450819672
1175 0 0.11627907
1176 0 0.351351351
1177 0.062002275 0.4125
1178 0.1125 0.386234357
1179 0.026548673 0.377118644
1180 0.077720207 0.469798658
1181 0.056603774 0.405172414
1182 0 0.278350515
1183 0.011359441 31.39534884
1184 0.011359441 31.39534884
1185 0.011359441 31.39534884
1186 0.011359441 31.39534884
1187 0.011359441 31.39534884
1188 0.005679721 11.11111111
1189 0.005679721 11.11111111
1190 0.005679721 11.11111111
1191 0.005679721 11.11111111
1192 0.005679721 11.11111111
1193 0.00283986 4.700854701
1194 0.00283986 4.700854701
1195 0.00283986 4.700854701
1196 0.00283986 4.700854701
1197 0.00283986 4.700854701
1198 0.005679721 11.00917431
1199 0.005679721 11.00917431
1200 0.005679721 11.00917431
1201 0.005679721 11.00917431
1202 0.005679721 11.00917431
1203 0.011359441 15.84158416
1204 0.011359441 15.84158416
1205 0.011359441 15.84158416
1206 0.011359441 15.84158416
1207 0.011359441 15.84158416
1208 0.00283986 11.67883212
1209 0.00283986 11.67883212
1210 0.00283986 11.67883212
1211 0.00283986 11.67883212
1212 0.00283986 11.67883212
1213 0.00283986 4.273504274
1214 0.00283986 4.273504274
1215 0.00283986 4.273504274
1216 0.00283986 4.273504274
1217 0.00283986 4.273504274
1218 0.005679721 11.9266055
1219 0.005679721 11.9266055
1220 0.005679721 11.9266055
1221 0.005679721 11.9266055
1222 0.005679721 11.9266055
1223 0.011359441 31.39534884
1224 0.011359441 31.39534884
1225 0.011359441 31.39534884
1226 0.011359441 31.39534884
1227 0.011359441 31.39534884
1228 0.005679721 17.34693878
1229 0.005679721 17.34693878
1230 0.005679721 17.34693878
1231 0.005679721 17.34693878
1232 0.005679721 17.34693878
1233 0.011359441 15.84158416
1234 0.011359441 15.84158416
1235 0.011359441 15.84158416
1236 0.011359441 15.84158416
1237 0.011359441 15.84158416
1238 0.00283986 11.67883212
1239 0.00283986 11.67883212
1240 0.00283986 11.67883212
1241 0.00283986 11.67883212
1242 0.00283986 11.67883212
1243 0.056890912 48.10126582
1244 0.056890912 48.10126582
1245 0.056890912 48.10126582
1246 0.056890912 48.10126582
1247 0.056890912 48.10126582
1248 0.00283986 1.408450704
1249 0.00283986 1.408450704
1250 0.00283986 1.408450704
1251 0.00283986 1.408450704
1252 0.00283986 1.408450704
1253 0 87.20930233
1254 0 87.20930233
1255 0 87.20930233
1256 0 87.20930233
1257 0 87.20930233
1258 0.00283986 1.408450704
1259 0.00283986 1.408450704
1260 0.00283986 1.408450704
1261 0.00283986 1.408450704
1262 0.00283986 1.408450704
1263 0.005679721 32.96703297
1264 0.005679721 32.96703297
1265 0.005679721 32.96703297
1266 0.005679721 32.96703297
1267 0.005679721 32.96703297
1268 0.017039162 13.10344828
1269 0.017039162 13.10344828
1270 0.017039162 13.10344828
1271 0.017039162 13.10344828
1272 0.017039162 13.10344828
1273 0.014199301 11.81818182
1274 0.014199301 11.81818182
1275 0.014199301 11.81818182
1276 0.014199301 11.81818182
1277 0.014199301 11.81818182
1278 0.011359441 31.39534884
1279 0.011359441 31.39534884
1280 0.011359441 31.39534884
1281 0.011359441 31.39534884
1282 0.011359441 31.39534884
1283 0.00283986 6.557377049
1284 0.00283986 6.557377049
1285 0.00283986 6.557377049
1286 0.00283986 6.557377049
1287 0.00283986 6.557377049
1288 0 1
1289 0 1
1290 0 1
1291 0 1
1292 0 1
1293 0 1
1294 0 0.47826087
1295 0 1
1296 0 1
1297 0 1
1298 0 1
1299 0 1
1300 0 1
1301 0 1
1302 0 1
1303 0 1
1304 0 1
1305 0 0.947368421
1306 0 1
1307 0 1
1308 0 0.6
1309 0 1
1310 0 1
1311 0 1
1312 0 1
1313 0 0.75
1314 0 1
1315 0 0.5
1316 0 1
1317 0 1
1318 0 1
1319 0 1
1320 0 1
1321 0 1
1322 0 0.384615385
1323 0 1
1324 0 1
1325 0 1
1326 0 0.909090909
1327 0 1
1328 0 1
1329 0 0.5
1330 0 0.666666667
1331 0 0.5
1332 0 0.45
1333 0 0.571428571
1334 0 0.285714286
1335 0 0.6
1336 0 0.6
1337 0 1
1338 0 1
1339 0 1
1340 0 1
1341 0 1
1342 0 1
1343 0 0.6
1344 0 1
1345 0 1
1346 0 1
1347 0 1
1348 0 1
1349 0 1
1350 0 0.543478261
1351 0 1
1352 0 1
1353 0 1
1354 0 1
1355 0 1
1356 0 1
1357 0 0.666666667
1358 0 1
1359 0 1
1360 0 1
1361 0 1
1362 0 1
1363 0 1
1364 0 0.5
1365 0 1
1366 0 1
1367 0 1
1368 0 1
1369 0 1
1370 0 1
1371 0 0.4
1372 0 1
1373 0 1
1374 0 1
1375 0 1
1376 0 1
1377 0 1
1378 0 0.6
1379 0 0.666666667
1380 0 0.833333333
1381 0 0.666666667
1382 0 0.5
1383 0 0.666666667
1384 0 0.5
1385 0 0.347826087
1386 0 1
1387 0 1
1388 0 1
1389 0 0.859375
1390 0 1
1391 0 1
1392 0 0.6
1393 0 1
1394 0 1
1395 0 1
1396 0 1
1397 0 1
1398 0 1
1399 0 0.6
1400 0 1
1401 0 1
1402 0 1
1403 0 1
1404 0 1
1405 0 0.909090909
1406 0 1
1407 0 1
1408 0 1
1409 0 1
1410 0 0.777777778
1411 0 1
1412 0 0.777777778
1413 0 0.666666667
1414 0 1
1415 0 1
1416 0 1
1417 0 0.8
1418 0 1
1419 0 1
1420 0 0.5
1421 0 1
1422 0 1
1423 0 1
1424 0 1
1425 0 1
1426 0 1
1427 0 0.47826087
1428 0 0.5
1429 0 0.5
1430 0 0.666666667
1431 0 0.666666667
1432 0 0.25
1433 0 0.333333333
1434 0 0.333333333
1435 0 1
1436 0 1
1437 0 1
1438 0 1
1439 0 0.8
1440 0 1
1441 0 0.357142857
1442 0 1
1443 0 1
1444 0 1
1445 0 1
1446 0 1
1447 0 1
1448 0 0.5
1449 0 1
1450 0 1
1451 0 1
1452 0 1
1453 0 0.8
1454 0 1
1455 0 0.413043478
1456 0 0.794117647
1457 0 1
1458 0 0.75
1459 0 1
1460 0 0.75
1461 0 0.666666667
1462 0 0.5
1463 0 1
1464 0 1
1465 0 0.75
1466 0 0.833333333
1467 0 0.8
1468 0 0.857142857
1469 0 0.5
1470 0 1
1471 0 1
1472 0 0.75
1473 0 1
1474 0 1
1475 0 0.75
1476 0 0.5
1477 0 0.5
1478 0 0.571428571
1479 0 0.6
1480 0 0.5
1481 0 0.5
1482 0 0.333333333
1483 0 0.333333333
1484 0 1
1485 0 1
1486 0 1
1487 0 1
1488 0 1
1489 0 1
1490 0 0.666666667
1491 0 1
1492 0 1
1493 0 1
1494 0 1
1495 0 1
1496 0 1
1497 0 0.333333333
1498 0 1
1499 0 1
1500 0 1
1501 0 1
1502 0 1
1503 0 0.833333333
1504 0 0.333333333
1505 0 1
1506 0 1
1507 0 0.666666667
1508 0 1
1509 0 1
1510 0 0.666666667
1511 0 0.5
1512 0 1
1513 0 1
1514 0 1
1515 0 0.75
1516 0 1
1517 0 0.714285714
1518 0 0.5
1519 0 0.833333333
1520 0 1
1521 0 0.777777778
1522 0 0.666666667
1523 0 1
1524 0 1
1525 0 0.5
1526 0 0.5
1527 0 0.75
1528 0 0.6
1529 0 0.25
1530 0 0.666666667
1531 0 0.333333333
1532 0 0.25
1533 0 1
1534 0 1
1535 0 1
1536 0 1
1537 0 1
1538 0 1
1539 0 0.586956522
1540 0 1
1541 0 1
1542 0 1
1543 0 1
1544 0 1
1545 0 1
1546 0 0.5
1547 0 1
1548 0 1
1549 0 1
1550 0 0.75
1551 0 1
1552 0 0.8
1553 0 0.333333333
1554 0 1
1555 0 1
1556 0 1
1557 0 0.75
1558 0 0.666666667
1559 0 0.714285714
1560 0 0.375
1561 0 0.833333333
1562 0 1
1563 0 0.714285714
1564 0 0.714285714
1565 0 0.928571429
1566 0 1
1567 0 0.4
1568 0 1
1569 0 1
1570 0 1
1571 0 0.75
1572 0 1
1573 0 1
1574 0 0.363636364
1575 0 0.6
1576 0 0.5
1577 0 0.454545455
1578 0 0.666666667
1579 0 0.5
1580 0 0.333333333
1581 0 0.2
1582 0 0.608695652
1583 0 0.6
1584 0 1
1585 0 0.375
1586 0 0.4
1587 0 0.347826087
1588 0 0.285714286
1589 0 1
1590 0 0.5
1591 0 0.5
1592 0 0.552631579
1593 0 0.5
1594 0 0.625
1595 0 0.5
1596 0 0.6315789469999999
1597 0 0.5
1598 0 0.363636364
1599 0 0.4
1600 0 0.428571429
1601 0 0.428571429
1602 0 0.333333333
1603 0 0.428571429
1604 0 0.5
1605 0 0.375
1606 0 0.5
1607 0 0.333333333
1608 0 0.333333333
1609 0 0.333333333
1610 0 0.5
1611 0 0.5
1612 0 0.4
1613 0 0.333333333
1614 0 0.75
1615 0 0.5
1616 0 0.4
1617 0 0.75
1618 0 0.5
1619 0 0.5
1620 0 0.666666667
1621 0 0.5
1622 0 0.447368421
1623 0 0.538461538
1624 0 0.5
1625 0 0.5
1626 0 0.333333333
1627 0 0.25
1628 0 0.333333333
1629 0 0.4
1630 0 0.6
1631 11.090341 13118.92588
1632 11.151935 12768.50837
1633 10.543317 13209.71135
1634 10.596335 13161.90975
1635 10.570754 13315.2004
1636 11.135902 12780.82188
1637 10.521924 13093.6388
1638 10.381438 13037.53928
1639 9.961183 13038.70317
1640 8.35746 13116.88071
1641 8.55348 12522.94277
1642 9.380542 12662.07844
1643 10.124583 12808.15196
1644 9.00112 12893.41884
1645 9.437004 12430.04472
1646 9.526165000000001 12813.64729
1647 7.701196 12646.4189
1648 8.587002 12889.57679
1649 8.562509 13048.63407
1650 7.838147 13211.88431
1651 7.253868 12983.76579
1652 6.93714 13163.98219
1653 7.676541 12847.77443
1654 8.372254999999999 12823.18429
1655 7.768091 12663.04376
1656 5.914913 12503.60667
1657 7.395312 12635.14523
1658 7.048083 12383.62122
1659 6.843217 12792.75516
1660 7.369516 12782.98863
1661 566073 332087373
1662 649285 328779138
1663 617642 344021977
1664 564346 347199976
1665 577570 335569621
1666 563467 337825982
1667 522865 335913764
1668 603219 343309906
1669 581476 340524214
1670 458153 332804361
1671 516077 321262009
1672 520290 324774988
1673 504197 332460006
1674 476238 324420598
1675 505741 321072614
1676 408913 323347330
1677 393322 331809456
1678 439253 333154394
1679 479370 344480355
1680 446024 344331985
1681 387738 338686167
1682 490751 339107509
1683 421377 331722793
1684 378880 329985864
1685 407544 322253844
1686 423853 324104536
1687 409888 325259636
1688 332749 317289109
1689 365421 328515577
1690 369527 330664091
1691 0.005230658 0.456152141
1692 0 0.17050383
1693 0 0.190475823
1694 0 0.132965915
1695 0 0.253990119
1696 0 0.230127983
1697 0 0.205421237
1698 0 0.404288462
1699 0 0.152162791
1700 0 0.270688185
1701 0.008067543 0.834538961
1702 0 0.192095309
1703 0 0.101065469
1704 0 0.159493191
1705 0 0.384962915
1706 0.007713942 0.253990119
1707 0 0.236469699
1708 0 0.108275274
1709 0 0.20261206
1710 0.007184979 0.362843026
1711 1.69e-07 1.12e-05
1712 0 6.65e-06
1713 0 5.64e-06
1714 0 5e-06
1715 0 3.91e-06
1716 0 1.04e-05
1717 0 7.41e-06
1718 0 1.42e-05
1719 0 7.22e-06
1720 0 6.73e-06
1721 3.88e-07 1.04e-05
1722 0 9.459999999999999e-06
1723 0 4.03e-06
1724 0 4.46e-06
1725 0 1.04e-05
1726 2.99e-07 7.43e-06
1727 0 9.02e-06
1728 0 2.69e-06
1729 0 5.45e-06
1730 2.64e-07 6.22e-06
1731 0.027877113 0.04702735
1732 0.02921066 0.046096213
1733 0.02638982 0.047137901
1734 0.027310173 0.043976625
1735 0.028178796 0.045996406
1736 0.028264518 0.046212016
1737 0.024854164 0.04386664
1738 0.02712438 0.0420152
1739 0.026449107 0.041469827
1740 0.026854965 0.040688142
1741 0.026256016 0.040239591
1742 0.026671618 0.040242484
1743 0.027603324 0.040391364
1744 0.022724197 0.040222833
1745 0.026566502 0.039499454
1746 0.024525815 0.039877798
1747 0.024888883 0.037619704
1748 0.025955287 0.038935885
1749 0.022788277 0.037428915
1750 0.023198141 0.038322031
1751 0.022567112 0.036560087
1752 0.023710623 0.037072846
1753 0.025678066 0.037446205
1754 0.021660544 0.037236317
1755 0.023311607 0.037394598
1756 0.021461849 0.036926399
1757 0.022407606 0.037506911
1758 0.021503895 0.036546681
1759 0.02022051 0.036763886
1760 0.020777136 0.036685941
1761 0.030036038 0.047632586
1762 0.026727273 0.045356101
1763 0.025354655 0.049853671
1764 0.028876305 0.042151778
1765 0.030048138 0.043880199
1766 0.026846985 0.045764686
1767 0.026168308 0.04274171
1768 0.029230986 0.042148299
1769 0.025806209 0.042247353
1770 0.028221355 0.04038733
1771 0.02528822 0.041519101
1772 0.026381196 0.042239558
1773 0.026191328 0.040939797
1774 0.025370483 0.038923555
1775 0.026509238 0.038822318
1776 0.023976416 0.040263576
1777 0.025717891 0.039165643
1778 0.025831687 0.037958635
1779 0.027129119 0.037648277
1780 0.025828511 0.038520485
1781 0.023908364 0.0378036
1782 0.024889635 0.03697236
1783 0.022746239 0.037524807
1784 0.024187581 0.037642954
1785 0.02358068 0.037240633
1786 0.022424757 0.036753305
1787 0.020831689 0.037896782
1788 0.021757244 0.036210427
1789 0.022189603 0.035960451
1790 0.020104011 0.036504189
1791 0.261178304 579.7845022
1792 0 431.407316
1793 0 286.1375055
1794 0 448.497882
1795 0 133.099256
1796 0 869.5472793
1797 0 251.4384777
1798 0 538.8707231
1799 0 120.6697535
1800 0 526.4412206
1801 0.301130582 551.5591736
1802 0 786.6839292
1803 0 109.5349908
1804 0 233.3121199
1805 0 701.4900474999999
1806 0.229254295 644.5214944000001
1807 0 678.7026262000001
1808 0 121.4465974
1809 0 259.7248127
1810 0.237019774 845.4651182
1811 0.018677952 0.030735631
1812 0.017887939 0.030136668
1813 0.016674227 0.030791715
1814 0.018141996 0.032128389
1815 0.017568166 0.032095529
1816 0.017961672 0.030813058
1817 0.017609751 0.030225149
1818 0.018570088 0.030228685
1819 0.016776324 0.030264161
1820 0.016661519 0.02968503
1821 0.018038202 0.029766207
1822 0.017498854 0.03072458
1823 0.018338634 0.030113773
1824 0.016746617 0.03030084
1825 0.017960545 0.029706387
1826 0.017741516 0.03016726
1827 0.01829204 0.030909264
1828 0.017952775 0.031380906
1829 0.018489496 0.030401715
1830 0.017488739 0.030481623
1831 0.017094242 0.032301972
1832 0.017423627 0.030542032
1833 0.017876507 0.031917265
1834 0.015356852 0.030878237
1835 0.019440078 0.030970526
1836 0.016852916 0.032153288
1837 0.018775611 0.03245202
1838 0.017054498 0.032302531
1839 0.019934631 0.03189554
1840 0.019175163 0.032124712
1841 0.764213222 2047.340045
1842 0 1523.389243
1843 0 1010.411233
1844 0 1583.739597
1845 0 470.0012431
1846 0 3070.552868
1847 0 887.8817256999999
1848 0 1902.864955
1849 0 426.1100764
1850 0 1858.973788
1851 0.7575250650000001 1947.670521
1852 0 2777.94509
1853 0 386.7909063
1854 0 823.8737743
1855 0 2477.107719
1856 0.9842774909999999 2275.939872
1857 0 2396.64058
1858 0 428.8532743
1859 0 917.1425035
1860 0.676083006 2985.513733
1861 -0.012889442 0.016846265
1862 -0.008475236000000001 0.015039741
1863 -0.015327762 0.027300347
1864 -0.011514659 0.015796648
1865 -0.01539991 0.016586214
1866 -0.012126088 0.014254809
1867 -0.017360576 0.020755663
1868 -0.009988913 0.014166402
1869 -0.013835095 0.016625871
1870 -0.011858219 0.018057259
1871 -0.016163972 0.01525524
1872 -0.015193454 0.013834796
1873 -0.014764064 0.015802628
1874 -0.008374194 0.023402813
1875 -0.014667286 0.014341871
1876 -0.011961524 0.015155
1877 -0.012510322 0.014983162
1878 -0.009579335 0.013467611
1879 -0.014072773 0.013519195
1880 -0.009521842000000001 0.019987344
1881 -0.014287638 0.015638173
1882 -0.012789006 0.019640611
1883 -0.013300976 0.017145269
1884 -0.009882296 0.016062987
1885 -0.015452763 0.015062504
1886 -0.009829424999999999 0.016198451
1887 -0.012685333 0.017538311
1888 -0.010447686 0.026355249
1889 -0.013904801 0.01375964
1890 -0.009661523 0.016604767
1891 -0.017177325 0.013869141
1892 -0.015283408 0.017989933
1893 -0.012556528 0.027337096
1894 -0.009697002 0.023547113
1895 -0.013307475 0.016707086
1896 -0.012173925 0.017083389
1897 -0.016358799 0.020873089
1898 -0.011862244 0.020051724
1899 -0.01445858 0.021848848
1900 -0.008098994999999999 0.016460359
1901 -0.014378202 0.015989481
1902 -0.009646929 0.025682008
1903 -0.014285719 0.019920483
1904 -0.011934466 0.016547237
1905 -0.018454369 0.016652037
1906 -0.012184944 0.013473273
1907 -0.011868655 0.017504054
1908 -0.0105927 0.0227048
1909 -0.02095486 0.017151189
1910 -0.016191557 0.015337331
1911 -0.01493625 0.01461759
1912 -0.012582562 0.014427442
1913 -0.020769693 0.017748714
1914 -0.011179312 0.013699327
1915 -0.012478973 0.017455135
1916 -0.010656906 0.025077171
1917 -0.016018811 0.014716184
1918 -0.011193546 0.014372474
1919 -0.016562724 0.016317032
1920 -0.016455399 0.016517642
