x
0 1
1 0.010204082 0.233590734
2 0 0.175257732
3 0 0.150684932
4 0 0.126530612
5 0 0.118012422
6 0 0.231707317
7 0 0.216436637
8 0.008130081000000001 0.244186047
9 0 0.13363029
10 0 0.180147059
11 0.016666667 0.224137931
12 0 0.178571429
13 0 0.079136691
14 0 0.12
15 0 0.179442509
16 0.013953488 0.169491525
17 0.007874015999999999 0.164383562
18 0 0.048543689
19 0 0.09202454
20 0.013586957 0.145038168
21 0 0.073500967
22 0 0.032608696
23 0 0.024539877
24 0 0.023255814
25 0 0.018691589
26 0 0.048355899
27 0 0.034883721
28 0 0.035874439
29 0 0.021428571
30 0 0.024154589
31 0 0.047169811
32 0 0.034883721
33 0 0.02173913
34 0 0.016528926
35 0 0.036750484
36 0 0.044444444
37 0 0.026200873
38 0 0.012345679
39 0 0.015384615
40 0 0.034090909
41 0 0.054347826
42 0 0.038095238
43 0 0.030769231
44 0 0.015384615
45 0 0.011976048
46 0 0.036630037
47 0 0.03125
48 0 0.032894737
49 0 0.020408163
50 0 0.022222222
51 0 0.038461538
52 0 0.03125
53 0 0.010638298
54 0 0.020833333
55 0 0.030640669
56 0 0.023255814
57 0 0.016949153
58 0 0.010752688
59 0 0.020833333
60 0 0.032520325
61 0 0.019607843
62 0 0.023255814
63 0 0.038461538
64 0 0.015748031
65 0 0.012195122
66 0 0.022727273
67 0 0.015748031
68 0 0.06318681299999999
69 0 0.012195122
70 0 0.031496063
71 0 0.027624309
72 0 0.04245283
73 0 0.023076923
74 0 0.016666667
75 0 0.024561404
76 0 0.021463415
77 0 0.016393443
78 0 0.009090908999999999
79 0 0.022727273
80 0 0.016260163
81 0 0.029069767
82 0 0.015384615
83 0 0.029411765
84 0 0.031111111
85 0 0.013333333
86 0 0.024691358
87 0 0.016949153
88 0 0.030769231
89 0 0.037946429
90 0 0.043010753
91 0 0.023166023
92 0 0.033707865
93 0 0.015873016
94 0 0.017391304
95 0 0.021505376
96 0 0.018518519
97 0 0.019230769
98 0 0.015772871
99 0 0.015748031
100 0 0.033149171
101 0 0.012345679
102 0 0.015463918
103 0 0.012987013
104 0 0.019047619
105 0 0.017094017
106 0 0.017964072
107 0 0.010309278
108 0 0.013793103
109 0 0.011363636
110 0 0.015151515
111 0 0.016666667
112 0 0.024390244
113 0 0.006329114
114 0 0.011299435
115 0 0.030927835
116 0 0.020618557
117 0 0.015576324
118 0 0.011235955
119 0 0.020689655
120 0 0.024390244
121 0 0.054158607
122 0 0.022421525
123 0 0.025641026
124 0 0.030201342
125 0 0.012820513
126 0 0.089201878
127 0 0.015544041
128 0 0.061185468
129 0 0.012345679
130 0 0.035087719
131 0 0.029850746
132 0 0.029411765
133 0 0.012987013
134 0 0.029411765
135 0 0.022222222
136 0 0.03030303
137 0 0.02020202
138 0 0.012345679
139 0 0.017391304
140 0 0.024013722
141 0 0.032258065
142 0 0.028571429
143 0 0.032467532
144 0 0.019417476
145 0 0.013793103
146 0 0.029126214
147 0 0.132454488
148 0 0.020053476
149 0 0.014981273
150 0 0.020134228
151 0 0.02189781
152 0 0.026315789
153 0 0.029126214
154 0 0.015748031
155 0 0.029464286
156 0 0.020833333
157 0 0.019417476
158 0 0.015444015
159 0 0.016574586
160 0 0.015517241
161 0 0.035714286
162 0 0.049342105
163 0 0.024725275
164 0 0.027272727
165 0 0.013793103
166 0 0.026315789
167 0 0.016877637
168 0 0.115384615
169 0 0.03125
170 0 0.024793388
171 0 0.032448378
172 0 0.028409091
173 0 0.028985507
174 0 0.018404908
175 0 0.024404416
176 0 0.070745698
177 0 0.023255814
178 0 0.010989011
179 0 0.035714286
180 0 0.020648968
181 0 0.024390244
182 0 0.015384615
183 0 0.010869565
184 0 0.03125
185 0 0.012195122
186 0 0.021126761
187 0 0.020599251
188 0 0.029017857
189 0 0.037946429
190 0 0.016260163
191 0 0.016393443
192 0 0.015544041
193 0 0.013157895
194 0 0.01532567
195 0 0.018255578
196 0 0.018248175
197 0 0.012345679
198 0 0.011363636
199 0 0.012269939
200 0 0.023809524
201 0 0.032
202 0 0.022222222
203 0 0.03
204 0 0.031496063
205 0 0.026315789
206 0 0.025641026
207 0 0.021052632
208 0 0.025380711
209 0 0.015748031
210 0 0.04797048
211 0 0.04
212 0 0.030769231
213 0 0.023809524
214 0 0.020833333
215 0 0.020618557
216 0 0.022222222
217 0 0.034782609
218 0 0.010752688
219 0 0.014492754
220 0 0.030534351
221 0 0.044247788
222 0 0.049180328
223 0 0.025641026
224 0 0.030769231
225 0 0.012195122
226 0 0.033149171
227 0 0.027972028
228 0 0.038348083
229 0 0.018292683
230 0 0.036900369
231 0 0.056603774
232 0 0.028169014
233 0 0.021428571
234 0 0.026315789
235 0 0.023242301
236 0 0.028301887
237 0 0.048780488
238 0 0.01179941
239 0 0.028436019
240 0 0.039473684
241 0 0.034482759
242 0 0.03649635
243 0 0.020512821
244 0 0.029411765
245 0 0.015576324
246 0 0.05
247 0 0.019607843
248 0 0.03
249 0 0.023255814
250 0 0.026666667
251 0 0.048780488
252 0 0.037209302
253 0 0.019607843
254 0 0.020833333
255 0 0.018348624
256 0 0.023255814
257 0 0.020833333
258 0 0.011049724
259 0 0.015544041
260 0 0.044843049
261 0 0.02173913
262 0 0.014084507
263 0 0.015873016
264 0 0.018987342
265 0 0.008
266 0 0.013513514
267 0 0.018716578
268 0 0.02173913
269 0 0.008547009
270 0 0.014084507
271 0 0.014760148
272 0 0.013888889
273 0 0.008658008999999999
274 0 0.015625
275 0 0.017316017
276 0 0.019417476
277 0 0.015873016
278 0 0.011235955
279 0 0.010752688
280 0 0.019417476
281 0 0.017621145
282 0 0.03125
283 0 0.023076923
284 0 0.020408163
285 0 0.022222222
286 0 0.049382716
287 0 0.032258065
288 0 0.020746888
289 0 0.011695906
290 0 0.027777778
291 0 0.039473684
292 0 0.024390244
293 0 0.015151515
294 0 0.019607843
295 0 0.012195122
296 0 0.020304569
297 0 0.016304348
298 0 0.011111111
299 0 0.02962963
300 0 0.01754386
301 0 0.035714286
302 0 0.033426184
303 0 0.024561404
304 0 0.020547945
305 0 0.024390244
306 0 0.013910355
307 0 0.024107143
308 0 0.043290043
309 0 0.02
310 0 0.018012783
311 0 0.034782609
312 0 0.020725389
313 0 0.012032086
314 0 0.024390244
315 0 0.081348053
316 0 0.028138528
317 0 0.021428571
318 0 0.009803922
319 0 0.015748031
320 0 0.030874786
321 0 0.028169014
322 0 0.020833333
323 0 0.022727273
324 0 0.019607843
325 0 0.01369863
326 0 0.019047619
327 0 0.020833333
328 0 0.068376068
329 0 0.012693935
330 0 0.03125
331 0 0.042857143
332 0 0.024691358
333 0 0.029126214
334 0 0.029411765
335 0 0.02259887
336 0 0.058702369
337 0 0.037037037
338 0 0.01
339 0 0.019480519
340 0 0.022222222
341 0 0.023696682
342 0 0.024
343 0 0.024590164
344 0 0.017094017
345 0 0.009708738
346 0 0.02915952
347 0 0.016511868
348 0 0.038095238
349 0 0.016949153
350 0 0.034782609
351 0 0.037974684
352 0 0.025641026
353 0 0.012295082
354 0 0.01734104
355 0 0.03
356 0 0.022222222
357 0 0.089193825
358 0 0.011428571
359 0 0.013333333
360 0 0.024
361 0 0.011173184
362 0 0.013452915
363 0 0.012345679
364 0 0.02247191
365 0 0.007874015999999999
366 0 0.017391304
367 0 0.008771930000000001
368 0 0.016528926
369 0 0.010752688
370 0 0.01
371 0 0.011173184
372 0 0.008163264999999999
373 0 0.012618297
374 0 0.019607843
375 0 0.011583012
376 0 0.018181818
377 0 0.014492754
378 0 0.005681818
379 0 0.007662835
380 0 0.012903226
381 0 0.021428571
382 0 0.034013605
383 0 0.018181818
384 0 0.018867925
385 0 0.013793103
386 0 0.019607843
387 0 0.018181818
388 0 0.034985423
389 0 0.015873016
390 0 0.02
391 0 0.015384615
392 0 0.022727273
393 0 0.009661836
394 0 0.015384615
395 0 0.018072289
396 0 0.018518519
397 0 0.015267176
398 0 0.009523810000000001
399 0 0.014760148
400 0 0.02
401 0 0.028248588
402 0 0.024390244
403 0 0.016
404 0 0.024691358
405 0 0.014450867
406 0 0.030927835
407 0 0.02259887
408 0 0.032520325
409 0 0.014285714
410 0 0.025974026
411 0 0.032448378
412 0 0.031390135
413 0 0.012820513
414 0 0.02
415 0 0.024691358
416 0 0.02173913
417 0 0.032786885
418 0 0.01
419 0 0.016260163
420 0 0.037878788
421 -0.275063789 0.305511192
422 -0.330485721 0.355963448
423 -0.260129368 0.375818023
424 -0.22931033 0.413285542
425 -0.326368669 0.389788502
426 -0.292290494 0.323327624
427 -0.213938774 0.352566652
428 -0.237287906 0.302325433
429 -0.17489558 0.325493461
430 -0.228194218 0.313172402
431 -0.251670672 0.32296241
432 -0.193754055 0.34532774
433 -0.220759174 0.387988715
434 -0.234426113 0.318705271
435 -0.243254346 0.314557218
436 -0.283445838 0.305655029
437 -0.388861445 0.296620651
438 -0.211111915 0.38471099
439 -0.282160233 0.361519125
440 -0.218690101 0.455314258
441 -0.296721124 0.368461973
442 -0.300544334 0.277747349
443 -0.259717794 0.328169479
444 -0.224781745 0.287690052
445 -0.251842739 0.342748456
446 -0.358937322 0.306391535
447 -0.27817047 0.276623535
448 -0.331608511 0.330131276
449 -0.338064053 0.280078058
450 -0.320440813 0.298271365
451 -0.220325536 0.366262687
452 -0.223773187 0.333728323
453 -0.211433841 0.370608344
454 -0.177371758 0.405739292
455 -0.204970567 0.34332248
456 -0.14863983 0.340882959
457 -0.194491299 0.33574114
458 -0.150666678 0.347700692
459 -0.186053931 0.387298933
460 -0.143941057 0.337999968
461 -0.127211371 0.374197599
462 -0.149363315 0.440080869
463 -0.202398207 0.405353673
464 -0.148462753 0.343452087
465 -0.125498885 0.379148949
466 -0.222254439 0.368584552
467 -0.147470348 0.367854307
468 -0.194950819 0.342029825
469 -0.219502392 0.322239216
470 -0.177252701 0.330807545
471 -0.194410571 0.30835263
472 -0.203231577 0.398175205
473 -0.17981933 0.337409284
474 -0.179066105 0.391962979
475 -0.196138921 0.389090141
476 -0.218887016 0.345914989
477 -0.214758741 0.353048435
478 -0.207038422 0.393003872
479 -0.191082919 0.326931688
480 -0.297803624 0.3579836
481 -0.138017578 0.603784344
482 -0.137093191 0.665941692
483 -0.125946145 0.677107451
484 -0.13949987 0.544986646
485 -0.141437254 0.673757493
486 -0.135208795 0.675063351
487 -0.113055541 0.633725973
488 -0.138988689 0.703627413
489 -0.150749323 0.694550939
490 -0.149377397 0.642043911
491 -0.13738187 0.657886923
492 -0.178784844 0.64290378
493 -0.132617718 0.609951303
494 -0.178871048 0.581768238
495 -0.13298065 0.621134667
496 -0.195513494 0.607915631
497 -0.135449036 0.572830726
498 -0.128884124 0.567813993
499 -0.189012334 0.6427658550000001
500 -0.194815442 0.488320117
501 -0.18295169 0.572734687
502 -0.166242439 0.443303896
503 -0.165815908 0.552681135
504 -0.174314514 0.523836067
505 -0.310909593 0.55379726
506 -0.149091417 0.547333072
507 -0.159536266 0.572809669
508 -0.375432978 0.427432703
509 -0.232539554 0.483486779
510 -0.143190831 0.43496851
511 -0.235190001 0.380828604
512 -0.144195629 0.392640473
513 -0.145023543 0.38693584
514 -0.110770194 0.393691574
515 -0.178295372 0.367095844
516 -0.156987053 0.357414496
517 -0.148484494 0.385222955
518 -0.221539636 0.35636232
519 -0.178385478 0.370514265
520 -0.274465213 0.35589575
521 -0.137101377 0.455255742
522 -0.231206715 0.38579672
523 -0.110864594 0.365955202
524 -0.208821392 0.427757475
525 -0.122993492 0.417347977
526 -0.174107962 0.412230473
527 -0.124479365 0.3492151
528 -0.147743271 0.425730491
529 -0.160971112 0.402117109
530 -0.200638566 0.360837932
531 -0.19815714 0.374524627
532 -0.137554194 0.436775992
533 -0.155046976 0.369799556
534 -0.296133336 0.412904582
535 -0.184319191 0.368546642
536 -0.203053734 0.311778451
537 -0.140715464 0.340803954
538 -0.149692043 0.366253068
539 -0.160111008 0.324870179
540 -0.194417068 0.353997936
541 -0.189119962 0.779735823
542 -0.160951692 0.888429816
543 -0.138521067 0.832059056
544 -0.165968185 0.701057323
545 -0.157309645 0.78153038
546 -0.176893956 0.845139638
547 -0.176193304 0.771923893
548 -0.213908516 0.882954428
549 -0.162848936 0.877327445
550 -0.18553154 0.802599319
551 -0.161777729 0.813462208
552 -0.200556356 0.791422276
553 -0.177388482 0.721171187
554 -0.16890561 0.688741064
555 -0.17534382 0.784716207
556 -0.214458383 0.695136858
557 -0.171199597 0.771778749
558 -0.158851844 0.647320721
559 -0.22231652 0.764465705
560 -0.270471581 0.545637587
561 -0.244029774 0.686793899
562 -0.173434263 0.486231722
563 -0.147493405 0.668017869
564 -0.177308974 0.60563182
565 -0.301981823 0.635635829
566 -0.228940893 0.628423357
567 -0.138132406 0.689934863
568 -0.389403353 0.449659233
569 -0.35142374 0.518067783
570 -0.168896536 0.491452309
571 -0.217507264 0.663541347
572 -0.174552549 0.780578584
573 -0.214574493 0.811422903
574 -0.172973595 0.563107641
575 -0.197084769 0.7931228930000001
576 -0.204212217 0.785132387
577 -0.190018198 0.715286977
578 -0.202904884 0.82178439
579 -0.168128258 0.773552622
580 -0.227714424 0.737433554
581 -0.220511261 0.75359791
582 -0.230651581 0.703104025
583 -0.146216553 0.661195775
584 -0.205391388 0.609016498
585 -0.196130455 0.700153923
586 -0.169709158 0.66292805
587 -0.196518782 0.607509276
588 -0.238136956 0.603353883
589 -0.177429505 0.661188255
590 -0.23667309 0.502123788
591 -0.249218069 0.612731187
592 -0.219445601 0.413545748
593 -0.281608639 0.5614554349999999
594 -0.156250798 0.539806196
595 -0.371286534 0.517178514
596 -0.180978694 0.5187527709999999
597 -0.309923919 0.559569903
598 -0.37317072 0.437105939
599 -0.336546866 0.429999592
600 -0.204712295 0.398540808
601 -0.403997748 1.011620886
602 -0.331296984 1.190447554
603 -0.319991557 1.016640754
604 -0.358465162 0.995546953
605 -0.313372707 0.875124864
606 -0.329061141 0.981441593
607 -0.295777098 1.018938072
608 -0.265363666 0.9216093279999999
609 -0.281023816 0.9829886
610 -0.27322905 0.843032855
611 -0.308229704 0.845346454
612 -0.344782603 1.026443679
613 -0.279140907 0.884091485
614 -0.25540916 0.874905228
615 -0.46694102 0.779122501
616 -0.354794523 0.956833937
617 -0.282975071 0.883649806
618 -0.388894932 0.870444344
619 -0.527718149 0.6770306270000001
620 -0.372397952 0.808489798
621 -0.598278441 0.8153062679999999
622 -0.388778862 0.725604159
623 -0.6448274980000001 0.639695643
624 -0.276401312 0.821714026
625 -0.394853912 0.850033225
626 -0.636834082 0.838671372
627 -0.728804127 0.8237887780000001
628 -0.692632559 0.718374415
629 -0.316720963 0.729401245
630 -0.392139765 0.751413847
631 -0.253687557 0.251164659
632 -0.3231742 0.245809666
633 -0.208443124 0.259422282
634 -0.139385003 0.309286606
635 -0.176263698 0.290803592
636 -0.226645912 0.274887273
637 -0.147002523 0.278684216
638 -0.173281205 0.309541097
639 -0.184724297 0.247887132
640 -0.15846298 0.273215153
641 -0.156611261 0.203298794
642 -0.16965416 0.32316099
643 -0.218126834 0.249255156
644 -0.1700373 0.287713735
645 -0.191335541 0.242440045
646 -0.188986351 0.243250373
647 -0.187126708 0.229165262
648 -0.143635073 0.288127443
649 -0.193204253 0.279986989
650 -0.159931094 0.302059107
651 -0.151314445 0.275818241
652 -0.169491145 0.272895334
653 -0.184691022 0.292708377
654 -0.290295389 0.368509541
655 -0.338259574 0.245826859
656 -0.302352058 0.267565869
657 -0.238964631 0.27999403
658 -0.205537737 0.251751349
659 -0.200918121 0.302822552
660 -0.222625429 0.261305843
661 -0.304509165 0.267180264
662 -0.299848484 0.271313932
663 -0.240298554 0.270863592
664 -0.238614918 0.307803352
665 -0.274683958 0.306215901
666 -0.302239421 0.340331131
667 -0.207185841 0.310636702
668 -0.262714403 0.285581552
669 -0.205095277 0.248588862
670 -0.221095733 0.226178618
671 -0.268728099 0.26653404
672 -0.275353242 0.21706918
673 -0.240817613 0.315701206
674 -0.279220335 0.249498265
675 -0.25258933 0.274104426
676 -0.240083995 0.291322954
677 -0.412557059 0.186751196
678 -0.228222103 0.284404532
679 -0.304483854 0.284193482
680 -0.218774506 0.35127125
681 -0.222773735 0.292884447
682 -0.30728561 0.235938154
683 -0.256170755 0.283075194
684 -0.227500742 0.251135207
685 -0.235037164 0.310122424
686 -0.330922961 0.232083201
687 -0.299332924 0.24176983
688 -0.373995531 0.301649862
689 -0.285336443 0.257330546
690 -0.323069254 0.212269033
691 -0.285153686 0.22662597
692 -0.248773174 0.250090963
693 -0.269875171 0.243756622
694 -0.184345329 0.302635942
695 -0.264198974 0.227894358
696 -0.209093563 0.176202336
697 -0.228319247 0.297262243
698 -0.222634505 0.292771336
699 -0.215381514 0.294240726
700 -0.227926633 0.251764715
701 -0.233878305 0.288353828
702 -0.267517027 0.322355837
703 -0.25847804 0.271964264
704 -0.210495039 0.250583025
705 -0.2221163 0.208264963
706 -0.326900966 0.240333445
707 -0.226703839 0.257526888
708 -0.23580944 0.26670335
709 -0.255665722 0.28410943
710 -0.223115809 0.254335575
711 -0.229037936 0.287468202
712 -0.273688377 0.325367153
713 -0.267219935 0.212892762
714 -0.243455874 0.221359986
715 -0.290768362 0.35593043
716 -0.249258259 0.232015367
717 -0.336535169 0.223970681
718 -0.318850417 0.258971239
719 -0.223110171 0.184782778
720 -0.340817231 0.304980186
721 -0.236000174 0.339097102
722 -0.19715448 0.318552869
723 -0.170482278 0.282947711
724 -0.224235774 0.337377029
725 -0.204747413 0.294379857
726 -0.215241012 0.326698572
727 -0.201997239 0.271504035
728 -0.220057225 0.28579938
729 -0.226717135 0.282848768
730 -0.247474023 0.275457864
731 -0.192113035 0.321360106
732 -0.297592312 0.275964087
733 -0.18730185 0.278943321
734 -0.25071075 0.259753988
735 -0.191554031 0.29036539
736 -0.258068009 0.301057386
737 -0.240227807 0.272468893
738 -0.193866464 0.305975448
739 -0.213501251 0.230785741
740 -0.291553891 0.277484562
741 -0.266758255 0.298741253
742 -0.256462576 0.232285296
743 -0.291290522 0.262870672
744 -0.229871732 0.248325091
745 -0.431128239 0.224447102
746 -0.188738302 0.233523427
747 -0.261151964 0.29792705
748 -0.417485307 0.331826338
749 -0.429961353 0.294731235
750 -0.284244737 0.223382965
751 -0.278111623 0.292916803
752 -0.227072481 0.299316988
753 -0.207424981 0.414680538
754 -0.197318878 0.228146253
755 -0.20926392 0.232122198
756 -0.248260429 0.258520733
757 -0.235510171 0.329019766
758 -0.284245271 0.229808849
759 -0.231418384 0.315901424
760 -0.209370126 0.255860982
761 -0.195843999 0.307675498
762 -0.28237796 0.228255105
763 -0.246716435 0.309719714
764 -0.253690708 0.231331323
765 -0.249383485 0.254136754
766 -0.212951328 0.294178203
767 -0.217235994 0.258399766
768 -0.263361027 0.243900646
769 -0.318405477 0.307876697
770 -0.229883844 0.241082858
771 -0.26103785 0.236895873
772 -0.215827002 0.281978034
773 -0.268789219 0.279594272
774 -0.312919828 0.283749196
775 -0.269097789 0.197333744
776 -0.256889845 0.213415244
777 -0.30114578 0.279683111
778 -0.273126802 0.354421792
779 -0.263499059 0.275593345
780 -0.267506397 0.19728338
781 -0.258169933 0.369660322
782 -0.167405725 0.344809806
783 -0.156452141 0.292236919
784 -0.201804586 0.323837134
785 -0.230944459 0.283940773
786 -0.236459023 0.315280092
787 -0.205532695 0.321843198
788 -0.250961866 0.343244733
789 -0.264540217 0.277058193
790 -0.248179451 0.291001405
791 -0.213743826 0.3290225
792 -0.270358791 0.269129399
793 -0.216774643 0.265831787
794 -0.247030201 0.264856873
795 -0.201058111 0.291948771
796 -0.31599597 0.310792145
797 -0.244588755 0.270932883
798 -0.219796052 0.298816824
799 -0.219546415 0.240795735
800 -0.320004097 0.27614299
801 -0.256894786 0.291311483
802 -0.285724593 0.242890907
803 -0.310888273 0.266121162
804 -0.263304869 0.240057558
805 -0.369819797 0.232693333
806 -0.229534791 0.24621858
807 -0.209859214 0.229141848
808 -0.334623558 0.369437537
809 -0.442743713 0.285149304
810 -0.22927581 0.2311322
811 -0.271171922 0.33024796
812 -0.213761143 0.323659571
813 -0.223856157 0.270757777
814 -0.226085108 0.321230906
815 -0.241277766 0.310971271
816 -0.237047814 0.31994406
817 -0.206782167 0.304325359
818 -0.237349369 0.307075041
819 -0.205555934 0.310233173
820 -0.281605121 0.315307615
821 -0.229343226 0.334559782
822 -0.295265222 0.332318783
823 -0.175587521 0.300351542
824 -0.265111748 0.28645512
825 -0.197052547 0.311872683
826 -0.207823329 0.323406236
827 -0.239991548 0.263423127
828 -0.233899064 0.333253371
829 -0.185883732 0.2704003
830 -0.29460492 0.289534218
831 -0.249715687 0.282085368
832 -0.265839939 0.265310487
833 -0.294293471 0.287760602
834 -0.234440265 0.292541347
835 -0.479669419 0.256959188
836 -0.21659339 0.266039361
837 -0.322374394 0.265236464
838 -0.382568163 0.371700515
839 -0.396378656 0.273095592
840 -0.272664309 0.239130657
841 -0.219467757 0.317376623
842 -0.257186204 0.47158216
843 -0.222203113 0.321925715
844 -0.225520608 0.342302132
845 -0.243864025 0.252921798
846 -0.212889458 0.343332409
847 -0.220813133 0.398549059
848 -0.229168835 0.377309562
849 -0.251601325 0.224952197
850 -0.214940281 0.293935134
851 -0.283933672 0.325708283
852 -0.242989046 0.28486215
853 -0.193713245 0.25250267
854 -0.234126599 0.332002164
855 -0.236813121 0.235068881
856 -0.234116673 0.240155349
857 -0.262862412 0.276271708
858 -0.246399574 0.296415124
859 -0.254327382 0.235793584
860 -0.242949064 0.351539313
861 -0.284455297 0.307216992
862 -0.340466075 0.27101309
863 -0.303332536 0.233337438
864 -0.310887476 0.212124096
865 -0.258049448 0.252478095
866 -0.298687372 0.241890376
867 -0.433787289 0.235426319
868 -0.327467814 0.277451149
869 -0.297072007 0.223179555
870 -0.226678745 0.217007889
871 -0.275349473 0.213504794
872 -0.385510856 0.258770346
873 -0.284493543 0.228798301
874 -0.177128185 0.309682085
875 -0.254300739 0.193112446
876 -0.27056885 0.233268454
877 -0.221214696 0.258312958
878 -0.207306499 0.330426898
879 -0.227720039 0.195216604
880 -0.209145879 0.230018911
881 -0.267770818 0.182918572
882 -0.257986447 0.252492167
883 -0.301799061 0.209762575
884 -0.211518839 0.261100622
885 -0.228426843 0.248647249
886 -0.266721968 0.18562621
887 -0.260454801 0.173016455
888 -0.202353636 0.233691484
889 -0.230516991 0.235818915
890 -0.376556792 0.187027322
891 -0.208044245 0.20612633
892 -0.202040227 0.208614281
893 -0.294319256 0.290160687
894 -0.356283677 0.235392817
895 -0.409743575 0.238156414
896 -0.358231148 0.188269881
897 -0.356431358 0.232672496
898 -0.263401292 0.27868314
899 -0.250339276 0.318161108
900 -0.323616744 0.262098665
901 0.72681672 1.288163468
902 0.729536482 1.284556574
903 0.73616581 1.233629436
904 0.704829909 1.229057486
905 0.660859577 1.252192245
906 0.653950432 1.297008322
907 0.688034232 1.209036553
908 0.703002787 1.259609372
909 0.750559961 1.195494787
910 0.767750516 1.212407406
911 0.7283232549999999 1.27557492
912 0.740432931 1.321366532
913 0.711611594 1.213899801
914 0.723636482 1.290217385
915 0.73113435 1.203288221
916 0.682853572 1.225377125
917 0.799515301 1.411790294
918 0.705941228 1.2681262
919 0.720308187 1.344850933
920 0.66622338 1.231597585
921 0.713549222 1.238050674
922 0.7703418400000001 1.373581055
923 0.713549487 1.227008684
924 0.757219105 1.265534992
925 0.683171296 1.252140207
926 0.7635539730000001 1.330175464
927 0.7194838140000001 1.296226689
928 0.704983942 1.367393189
929 0.759946075 1.290172399
930 0.769718674 1.298728663
931 0.7522663939999999 1.264322393
932 0.74562312 1.234512096
933 0.731111402 1.249145471
934 0.670502698 1.158993658
935 0.760214172 1.244707827
936 0.815441087 1.179050394
937 0.7004764449999999 1.198382744
938 0.699447729 1.21096288
939 0.680275717 1.221744356
940 0.749822511 1.226177412
941 0.693899972 1.192927052
942 0.649456778 1.23869855
943 0.729057163 1.224109282
944 0.715267133 1.243655236
945 0.775244823 1.22747071
946 0.7604862650000001 1.37140627
947 0.724735326 1.22171002
948 0.72743645 1.249079847
949 0.746219789 1.22823762
950 0.739091244 1.244194504
951 0.706517329 1.255886114
952 0.660812913 1.306062189
953 0.770826567 1.310248068
954 0.7743296119999999 1.266290926
955 0.630241864 1.276503431
956 0.7560705599999999 1.21986029
957 0.777244132 1.283098317
958 0.711230824 1.307603023
959 0.761763867 1.233215165
960 0.716787086 1.34708447
961 0.6606875250000001 1.232619498
962 0.68158768 1.196106792
963 0.721516479 1.179814378
964 0.661147104 1.219946804
965 0.7060186899999999 1.228805994
966 0.6715671439999999 1.215260929
967 0.72239213 1.204208647
968 0.7184534299999999 1.222381644
969 0.713993677 1.25053142
970 0.720224883 1.242637673
971 0.675257654 1.200985023
972 0.721477875 1.306581903
973 0.715710373 1.192261011
974 0.730053999 1.272528279
975 0.705985155 1.185536279
976 0.694642074 1.282574135
977 0.7243736039999999 1.285673609
978 0.691887429 1.193656739
979 0.763128826 1.240836384
980 0.722152934 1.317142433
981 0.675174672 1.309956852
982 0.7662049359999999 1.275944396
983 0.73783109 1.4146663
984 0.75087983 1.304632146
985 0.773427301 1.539629948
986 0.765273053 1.240756823
987 0.708089284 1.385099771
988 0.72142541 1.548955724
989 0.726561502 1.373343476
990 0.73246133 1.267169282
991 0.709801102 1.274851555
992 0.703424158 1.227425416
993 0.599515232 1.215396782
994 0.770465719 1.207927258
995 0.758715061 1.207759162
996 0.748670086 1.261849226
997 0.665895161 1.23900205
998 0.746224504 1.289810773
999 0.745189949 1.266360565
1000 0.725172957 1.228667516
1001 0.696799441 1.230575732
1002 0.782907177 1.323648429
1003 0.7134824 1.309131176
1004 0.7198255690000001 1.312649636
1005 0.740631999 1.330538737
1006 0.658995887 1.243016668
1007 0.711575106 1.239889193
1008 0.653629469 1.310088005
1009 0.6799024299999999 1.270291951
1010 0.744480609 1.243702715
1011 0.630359173 1.259817659
1012 0.694294673 1.336426113
1013 0.7024410089999999 1.304466444
1014 0.556508174 1.331958868
1015 0.778644299 1.331011362
1016 0.736820198 1.353536166
1017 0.766104233 1.402863486
1018 0.620838969 1.245585818
1019 0.698978147 1.394945594
1020 0.723955521 1.313121092
1021 0.630600239 1.255683951
1022 0.657239778 1.164914221
1023 0.711098093 1.155992002
1024 0.674737222 1.197987676
1025 0.716457349 1.2627336
1026 0.683635541 1.24010518
1027 0.6730266150000001 1.20721736
1028 0.663388715 1.252334012
1029 0.7192757950000001 1.286918936
1030 0.707513388 1.241620587
1031 0.668757271 1.222611715
1032 0.729029997 1.24937793
1033 0.728043739 1.221231038
1034 0.730683087 1.272253595
1035 0.703678906 1.206074684
1036 0.683293894 1.322963562
1037 0.724273023 1.273681452
1038 0.697695689 1.228494825
1039 0.756811099 1.267743206
1040 0.712295101 1.341729229
1041 0.686350185 1.227052433
1042 0.746610876 1.296898425
1043 0.723725594 1.477091485
1044 0.757926831 1.308728706
1045 0.766572919 1.393063547
1046 0.750639514 1.24761492
1047 0.782040747 1.378581512
1048 0.636557179 1.513218994
1049 0.733751144 1.377174261
1050 0.743607063 1.224425086
1051 0.668920466 1.266788856
1052 0.6778821739999999 1.212264695
1053 0.705988604 1.221877396
1054 0.678338095 1.225593061
1055 0.690512347 1.255452183
1056 0.680901311 1.23758288
1057 0.691803608 1.202877078
1058 0.695600601 1.240294104
1059 0.68831129 1.223162555
1060 0.683045021 1.27582262
1061 0.664744376 1.236050796
1062 0.653815723 1.259770811
1063 0.696222312 1.179125864
1064 0.711082051 1.280791532
1065 0.685430725 1.210962821
1066 0.67287797 1.21304502
1067 0.7338455149999999 1.276304662
1068 0.665115934 1.237157823
1069 0.72895648 1.251485503
1070 0.709847742 1.324350743
1071 0.702892859 1.330652279
1072 0.740394174 1.256409239
1073 0.711646537 1.426208209
1074 0.705041854 1.253471895
1075 0.745767323 1.506379849
1076 0.730295703 1.220216023
1077 0.709390134 1.454015394
1078 0.6345417 1.52091752
1079 0.72257415 1.420566485
1080 0.712836319 1.242229197
1081 0.682413635 1.214748175
1082 0.512113948 1.257593452
1083 0.683599284 1.20041581
1084 0.663711286 1.22458821
1085 0.732763745 1.249836071
1086 0.640816812 1.210787597
1087 0.604739416 1.221609746
1088 0.628587561 1.24661165
1089 0.727712748 1.236446384
1090 0.698994029 1.205769069
1091 0.626645266 1.297291342
1092 0.722973646 1.236814292
1093 0.737272513 1.20602691
1094 0.6611707060000001 1.292860787
1095 0.764610001 1.33008118
1096 0.73636798 1.240927467
1097 0.7133629339999999 1.281113986
1098 0.696253095 1.284086613
1099 0.764110404 1.333122944
1100 0.629252805 1.278551699
1101 0.676816598 1.381466197
1102 0.722667817 1.442566886
1103 0.7333869079999999 1.432378672
1104 0.768269677 1.358561416
1105 0.730472428 1.277510425
1106 0.76260425 1.422006888
1107 0.7265519580000001 1.486790723
1108 0.6889160050000001 1.488666016
1109 0.71786562 1.226300106
1110 0.724251573 1.291728295
1111 0.781465491 1.268345484
1112 0.733885729 1.38239069
1113 0.772708309 1.277550713
1114 0.687464579 1.178862902
1115 0.781935815 1.263702603
1116 0.743042206 1.261233258
1117 0.727053441 1.204080267
1118 0.654413587 1.202765084
1119 0.790647319 1.233428959
1120 0.777633117 1.223060709
1121 0.810454009 1.238137171
1122 0.745528693 1.280331892
1123 0.789668061 1.306593124
1124 0.708403665 1.235846305
1125 0.764126076 1.209770224
1126 0.798577306 1.252417539
1127 0.800766593 1.249316887
1128 0.744054379 1.223911297
1129 0.781723069 1.216208283
1130 0.776088307 1.403880267
1131 0.786708332 1.22900922
1132 0.774819762 1.213373418
1133 0.737113113 1.290793197
1134 0.7573884749999999 1.378824155
1135 0.777200281 1.438087543
1136 0.79595818 1.335445928
1137 0.7206862510000001 1.334616729
1138 0.681872461 1.229080257
1139 0.734128898 1.283806577
1140 0.7501077269999999 1.290186948
1141 0.106557377 0.506382979
1142 0.194174757 0.638297872
1143 0.151815182 0.532467532
1144 0.198757764 0.677966102
1145 0.228813559 0.534161491
1146 0.076628352 0.385135135
1147 0.166023166 0.551470588
1148 0.171974522 0.56779661
1149 0.131147541 0.531914894
1150 0.183673469 0.56779661
1151 0.24137931 0.569444444
1152 0.076628352 0.385135135
1153 0.017045455 0.288659794
1154 0.573170732 0.942622951
1155 0.016393443 0.304878049
1156 0.265306122 0.677018634
1157 0.107142857 0.419811321
1158 0.105590062 0.520547945
1159 0.254859611 0.672131148
1160 0.106557377 0.506382979
1161 0.083333333 0.392785571
1162 0.066115702 0.395348837
1163 0.071428571 0.338461538
1164 0.087040619 0.467005076
1165 0.16 0.43359375
1166 0.06538461499999999 0.32
1167 0.030927835 0.31875
1168 0.080291971 0.456852792
1169 0.094017094 0.373205742
1170 0.050761421 0.360465116
1171 0.166666667 0.426923077
1172 0.057692308 0.279069767
1173 0.051282051 0.333333333
1174 0.034285714 0.416666667
1175 0 0.098039216
1176 0.024793388 0.361538462
1177 0.079096045 0.362962963
1178 0.127962085 0.354910714
1179 0.023255814 0.288659794
1180 0.107142857 0.466666667
1181 0.083870968 0.407142857
1182 0.013157895 0.253846154
1183 0.035790981 18.5840708
1184 0.035790981 18.5840708
1185 0.035790981 18.5840708
1186 0.035790981 18.5840708
1187 0.035790981 18.5840708
1188 0.04311274 14.5631068
1189 0.04311274 14.5631068
1190 0.04311274 14.5631068
1191 0.04311274 14.5631068
1192 0.04311274 14.5631068
1193 0.01789549 1.886792453
1194 0.01789549 1.886792453
1195 0.01789549 1.886792453
1196 0.01789549 1.886792453
1197 0.01789549 1.886792453
1198 0.035790981 14.5631068
1199 0.035790981 14.5631068
1200 0.035790981 14.5631068
1201 0.035790981 14.5631068
1202 0.035790981 14.5631068
1203 0.06253908699999999 12.19512195
1204 0.06253908699999999 12.19512195
1205 0.06253908699999999 12.19512195
1206 0.06253908699999999 12.19512195
1207 0.06253908699999999 12.19512195
1208 0.01789549 8.943089431000001
1209 0.01789549 8.943089431000001
1210 0.01789549 8.943089431000001
1211 0.01789549 8.943089431000001
1212 0.01789549 8.943089431000001
1213 0.01789549 1.886792453
1214 0.01789549 1.886792453
1215 0.01789549 1.886792453
1216 0.01789549 1.886792453
1217 0.01789549 1.886792453
1218 0.04311274 15.53398058
1219 0.04311274 15.53398058
1220 0.04311274 15.53398058
1221 0.04311274 15.53398058
1222 0.04311274 15.53398058
1223 0.035790981 18.5840708
1224 0.035790981 18.5840708
1225 0.035790981 18.5840708
1226 0.035790981 18.5840708
1227 0.035790981 18.5840708
1228 0.035790981 17.96407186
1229 0.035790981 17.96407186
1230 0.035790981 17.96407186
1231 0.035790981 17.96407186
1232 0.035790981 17.96407186
1233 0.06253908699999999 12.19512195
1234 0.06253908699999999 12.19512195
1235 0.06253908699999999 12.19512195
1236 0.06253908699999999 12.19512195
1237 0.06253908699999999 12.19512195
1238 0.01789549 8.943089431000001
1239 0.01789549 8.943089431000001
1240 0.01789549 8.943089431000001
1241 0.01789549 8.943089431000001
1242 0.01789549 8.943089431000001
1243 0.089477452 51.70454545
1244 0.089477452 51.70454545
1245 0.089477452 51.70454545
1246 0.089477452 51.70454545
1247 0.089477452 51.70454545
1248 0.01789549 1.886792453
1249 0.01789549 1.886792453
1250 0.01789549 1.886792453
1251 0.01789549 1.886792453
1252 0.01789549 1.886792453
1253 0.035790981 56.17977528
1254 0.035790981 56.17977528
1255 0.035790981 56.17977528
1256 0.035790981 56.17977528
1257 0.035790981 56.17977528
1258 0.01789549 1.62601626
1259 0.01789549 1.62601626
1260 0.01789549 1.62601626
1261 0.01789549 1.62601626
1262 0.01789549 1.62601626
1263 0.042562247 18.26923077
1264 0.042562247 18.26923077
1265 0.042562247 18.26923077
1266 0.042562247 18.26923077
1267 0.042562247 18.26923077
1268 0.035790981 20.48192771
1269 0.035790981 20.48192771
1270 0.035790981 20.48192771
1271 0.035790981 20.48192771
1272 0.035790981 20.48192771
1273 0.042562247 9.009009009
1274 0.042562247 9.009009009
1275 0.042562247 9.009009009
1276 0.042562247 9.009009009
1277 0.042562247 9.009009009
1278 0.035790981 18.5840708
1279 0.035790981 18.5840708
1280 0.035790981 18.5840708
1281 0.035790981 18.5840708
1282 0.035790981 18.5840708
1283 0.01789549 8.130081301000001
1284 0.01789549 8.130081301000001
1285 0.01789549 8.130081301000001
1286 0.01789549 8.130081301000001
1287 0.01789549 8.130081301000001
1288 0 1
1289 0 1
1290 0 1
1291 0 1
1292 0 1
1293 0 1
1294 0 0.4
1295 0 1
1296 0 1
1297 0 1
1298 0 1
1299 0 1
1300 0 1
1301 0 0.6
1302 0 1
1303 0 1
1304 0 1
1305 0 0.857142857
1306 0 0.833333333
1307 0 0.833333333
1308 0 0.333333333
1309 0 1
1310 0 1
1311 0 0.8
1312 0 1
1313 0 0.75
1314 0 1
1315 0 0.333333333
1316 0 1
1317 0 0.888888889
1318 0 0.833333333
1319 0 0.714285714
1320 0 1
1321 0 1
1322 0 0.333333333
1323 0 1
1324 0 1
1325 0 1
1326 0 0.818181818
1327 0 1
1328 0 1
1329 0 0.428571429
1330 0 0.8
1331 0 0.5
1332 0 0.5
1333 0 0.333333333
1334 0 0.4
1335 0 0.6
1336 0 0.166666667
1337 0 1
1338 0 1
1339 0 1
1340 0 0.857142857
1341 0 1
1342 0 1
1343 0 0.6
1344 0 1
1345 0 1
1346 0 1
1347 0 1
1348 0 1
1349 0 1
1350 0 0.5
1351 0 1
1352 0 1
1353 0 1
1354 0 0.944444444
1355 0 0.916666667
1356 0 1
1357 0 0.428571429
1358 0 0.888888889
1359 0 1
1360 0 1
1361 0 1
1362 0 1
1363 0 1
1364 0 0.4
1365 0 1
1366 0 1
1367 0 1
1368 0 0.833333333
1369 0 1
1370 0 1
1371 0 0.285714286
1372 0 1
1373 0 1
1374 0 0.875
1375 0 1
1376 0 1
1377 0 1
1378 0 0.333333333
1379 0 0.363636364
1380 0 0.666666667
1381 0 0.555555556
1382 0 0.461538462
1383 0 0.4
1384 0 0.5
1385 0 0.25
1386 0 1
1387 0 1
1388 0 1
1389 0 1
1390 0 0.833333333
1391 0 1
1392 0 0.8
1393 0 1
1394 0 1
1395 0 1
1396 0 1
1397 0 1
1398 0 1
1399 0 0.5
1400 0 1
1401 0 1
1402 0 1
1403 0 1
1404 0 1
1405 0 0.833333333
1406 0 0.333333333
1407 0 1
1408 0 1
1409 0 1
1410 0 0.705882353
1411 0 0.6
1412 0 0.75
1413 0 0.333333333
1414 0 1
1415 0 1
1416 0 1
1417 0 0.666666667
1418 0 1
1419 0 0.75
1420 0 0.5
1421 0 1
1422 0 1
1423 0 1
1424 0 0.75
1425 0 0.5625
1426 0 1
1427 0 0.340425532
1428 0 0.5
1429 0 0.333333333
1430 0 0.333333333
1431 0 0.333333333
1432 0 0.333333333
1433 0 0.333333333
1434 0 0.333333333
1435 0 1
1436 0 1
1437 0 1
1438 0 0.75
1439 0 0.875
1440 0 1
1441 0 0.5
1442 0 1
1443 0 1
1444 0 1
1445 0 1
1446 0 1
1447 0 1
1448 0 0.666666667
1449 0 1
1450 0 1
1451 0 1
1452 0 0.8
1453 0 0.666666667
1454 0 0.75
1455 0 0.333333333
1456 0 1
1457 0 1
1458 0 0.714285714
1459 0 1
1460 0 0.642857143
1461 0 0.666666667
1462 0 0.5
1463 0 1
1464 0 0.833333333
1465 0 0.6
1466 0 0.8
1467 0 0.75
1468 0 0.666666667
1469 0 0.666666667
1470 0 0.75
1471 0 1
1472 0 0.5
1473 0 1
1474 0 0.6
1475 0 0.75
1476 0 0.346153846
1477 0 0.4
1478 0 0.615384615
1479 0 0.4
1480 0 0.269230769
1481 0 0.5
1482 0 0.333333333
1483 0 0.166666667
1484 0 1
1485 0 1
1486 0 1
1487 0 1
1488 0 1
1489 0 1
1490 0 0.7
1491 0 1
1492 0 1
1493 0 1
1494 0 0.875
1495 0 1
1496 0 1
1497 0 0.5
1498 0 0.833333333
1499 0 1
1500 0 0.777777778
1501 0 0.571428571
1502 0 1
1503 0 0.571428571
1504 0 0.333333333
1505 0 1
1506 0 0.8
1507 0 0.666666667
1508 0 0.75
1509 0 1
1510 0 1
1511 0 0.333333333
1512 0 1
1513 0 0.833333333
1514 0 1
1515 0 0.8
1516 0 1
1517 0 0.666666667
1518 0 0.2
1519 0 0.833333333
1520 0 1
1521 0 0.75
1522 0 0.5
1523 0 0.75
1524 0 0.5
1525 0 0.25
1526 0 0.4
1527 0 0.333333333
1528 0 0.375
1529 0 0.5
1530 0 0.6
1531 0 0.333333333
1532 0 0.333333333
1533 0 1
1534 0 1
1535 0 1
1536 0 0.833333333
1537 0 0.8
1538 0 0.833333333
1539 0 0.392857143
1540 0 1
1541 0 1
1542 0 1
1543 0 1
1544 0 0.833333333
1545 0 1
1546 0 0.5
1547 0 0.833333333
1548 0 1
1549 0 1
1550 0 0.666666667
1551 0 0.75
1552 0 1
1553 0 0.25
1554 0 0.727272727
1555 0 1
1556 0 0.666666667
1557 0 0.714285714
1558 0 0.75
1559 0 1
1560 0 0.5
1561 0 1
1562 0 1
1563 0 1
1564 0 0.625
1565 0 0.666666667
1566 0 1
1567 0 0.4
1568 0 1
1569 0 1
1570 0 1
1571 0 0.571428571
1572 0 0.666666667
1573 0 1
1574 0 0.4
1575 0 0.333333333
1576 0 0.4
1577 0 0.4
1578 0 0.346153846
1579 0 0.5
1580 0 0.346153846
1581 0 0.1
1582 0 0.6
1583 0 0.4
1584 0 0.5
1585 0 0.333333333
1586 0 0.4
1587 0 0.333333333
1588 0 0.25
1589 0 0.4
1590 0 0.416666667
1591 0 0.5
1592 0 0.615384615
1593 0 0.5
1594 0 0.5
1595 0 0.25
1596 0 0.8
1597 0 0.444444444
1598 0 0.333333333
1599 0 0.4
1600 0 0.4
1601 0 0.4
1602 0 0.25
1603 0 0.363636364
1604 0 0.4
1605 0 0.4
1606 0 0.333333333
1607 0 0.25
1608 0 0.333333333
1609 0 0.333333333
1610 0 0.8
1611 0 0.333333333
1612 0 0.333333333
1613 0 0.333333333
1614 0 0.4
1615 0 0.25
1616 0 0.333333333
1617 0 0.428571429
1618 0 0.4
1619 0 0.384615385
1620 0 0.25
1621 0 0.315789474
1622 0 0.461538462
1623 0 0.346153846
1624 0 0.25
1625 0 0.166666667
1626 0 0.333333333
1627 0 0.333333333
1628 0 0.25
1629 0 0.2
1630 0 0.033333333
1631 19.977264 1753.535557
1632 17.091349 1824.111809
1633 18.862272 1682.80163
1634 18.724557 1728.565589
1635 16.755217 1811.311313
1636 20.253094 1783.355712
1637 17.442766 1697.027682
1638 18.787077 1729.358502
1639 19.109003 1762.624536
1640 18.895194 1725.438423
1641 19.526664 1740.578687
1642 15.119412 1745.763266
1643 18.875119 1736.914827
1644 18.959684 1726.692211
1645 19.634993 1745.317079
1646 19.580304 1718.441952
1647 16.81284 1730.447376
1648 17.188313 1713.372066
1649 20.495939 1733.001897
1650 17.739079 1776.534852
1651 14.80249 1730.635771
1652 15.636023 1761.421415
1653 16.84267 1736.068397
1654 16.004862 1710.03921
1655 17.262808 1715.164791
1656 16.672826 1709.591159
1657 15.880772 1700.64972
1658 15.833255 1739.020544
1659 15.658258 1735.884611
1660 14.894077 1759.55398
1661 700836 49567510
1662 714003 50633023
1663 650194 49513639
1664 630315 50262246
1665 592521 49630308
1666 672066 50922587
1667 670456 50328372
1668 660303 49250091
1669 638325 48026389
1670 640797 50049877
1671 582026 50013421
1672 585176 48807605
1673 549079 49215496
1674 545269 49602185
1675 609029 49670963
1676 495480 49639766
1677 576352 49050662
1678 546197 48073021
1679 517988 50182161
1680 588177 49823580
1681 542765 49763814
1682 573687 49804306
1683 492716 49985773
1684 542899 49868725
1685 521893 49729240
1686 481197 49388482
1687 486916 48649836
1688 554176 50283632
1689 479299 49489890
1690 457650 49103164
1691 0.009119452 0.242363537
1692 0 0.166016664
1693 0 0.146761573
1694 0 0.134166601
1695 0 0.137297695
1696 0 0.230127983
1697 0 0.312849876
1698 0.010994682 0.2719072
1699 0 0.135700008
1700 0 0.234707493
1701 0.016262134 0.309425948
1702 0 0.175658712
1703 0 0.100457985
1704 0 0.143943007
1705 0 0.210020286
1706 0.012864112 0.286218106
1707 0.007168288 0.199245608
1708 0 0.05950499
1709 0 0.153071708
1710 0.015441161 0.157214088
1711 3.87e-07 1.09e-05
1712 0 7.91e-06
1713 0 5.7e-06
1714 0 4.81e-06
1715 0 3.43e-06
1716 0 1.04e-05
1717 0 1.03e-05
1718 4.07e-07 9.24e-06
1719 0 5.28e-06
1720 0 6.57e-06
1721 6.6e-07 8.790000000000001e-06
1722 0 6.81e-06
1723 0 3.62e-06
1724 0 4.38e-06
1725 0 7.6e-06
1726 4.98e-07 6.48e-06
1727 3.2e-07 7.32e-06
1728 0 1.78e-06
1729 0 3.48e-06
1730 5.58e-07 5.57e-06
1731 0.028673051 0.042964941
1732 0.028083123 0.043891314
1733 0.028431891 0.044592374
1734 0.027310173 0.046300981
1735 0.029911695 0.042603439
1736 0.028288625 0.044336988
1737 0.027158368 0.04386664
1738 0.02712438 0.040859058
1739 0.02797219 0.04130535
1740 0.026230758 0.039681649
1741 0.027808329 0.039484785
1742 0.026991429 0.040765136
1743 0.028126839 0.03837049
1744 0.025928943 0.040012951
1745 0.027089634 0.038140951
1746 0.025511622 0.037529315
1747 0.025804199 0.040510581
1748 0.025786642 0.037322614
1749 0.024797151 0.037021382
1750 0.025521471 0.036826088
1751 0.025404347 0.03678993
1752 0.024415001 0.037348521
1753 0.024480892 0.036508514
1754 0.022474275 0.036635111
1755 0.02475325 0.037044747
1756 0.024779619 0.036548101
1757 0.022769281 0.036657839
1758 0.024492025 0.036007104
1759 0.023116688 0.035914771
1760 0.021292577 0.035815985
1761 0.029473707 0.046179205
1762 0.029716559 0.045046859
1763 0.029941028 0.045846797
1764 0.029797812 0.042993593
1765 0.030305969 0.044009393
1766 0.02873917 0.044428228
1767 0.026287446 0.041419245
1768 0.02930601 0.040464735
1769 0.029585687 0.04150914
1770 0.029267945 0.040675828
1771 0.027367863 0.039951737
1772 0.028923131 0.042239558
1773 0.027416946 0.03825043
1774 0.026619829 0.039482151
1775 0.028173883 0.038351094
1776 0.027155047 0.038646194
1777 0.028255746 0.042464113
1778 0.026719119 0.037293446
1779 0.026373794 0.038476287
1780 0.025605404 0.037392925
1781 0.02701756 0.037078216
1782 0.025568032 0.038955586
1783 0.025808481 0.036600252
1784 0.025159644 0.036923223
1785 0.024294244 0.036735739
1786 0.024879284 0.03605534
1787 0.022997408 0.035693157
1788 0.022032141 0.035818521
1789 0.024294102 0.03559266
1790 0.024717204 0.035795124
1791 0.485933875 122.7377035
1792 0 76.18109751999999
1793 0 92.7932892
1794 0 94.69256704999999
1795 0 72.55876673
1796 0 126.1472894
1797 0 165.1544099
1798 0.331049793 141.3925779
1799 0 38.2051185
1800 0 105.8169087
1801 0.494453083 175.0817241
1802 0 83.17018903
1803 0 29.59379538
1804 0 55.35038303
1805 0 241.2342715
1806 0.535558829 155.1432303
1807 0.236315903 82.01677405
1808 0 19.48776451
1809 0 48.56724785
1810 0.410271713 103.3749801
1811 0.017649657 0.029376562
1812 0.018861374 0.029777372
1813 0.018903576 0.029816978
1814 0.01902168 0.033214151
1815 0.019372809 0.030023842
1816 0.01892455 0.030957616
1817 0.018138522 0.029840824
1818 0.018505757 0.030259848
1819 0.019230453 0.030889186
1820 0.018494017 0.029498923
1821 0.020041914 0.029632803
1822 0.020258724 0.029381797
1823 0.020006964 0.029124101
1824 0.018743923 0.030319886
1825 0.020134059 0.028335536
1826 0.020118625 0.029350959
1827 0.018633746 0.032025567
1828 0.018819915 0.028902193
1829 0.018480655 0.031237627
1830 0.019817697 0.029889892
1831 0.018982847 0.030587107
1832 0.020152807 0.02920745
1833 0.019574271 0.030397312
1834 0.020176412 0.029558572
1835 0.018121793 0.030217532
1836 0.019489447 0.029514161
1837 0.019539432 0.030111035
1838 0.018442664 0.031768052
1839 0.018742463 0.033076665
1840 0.02033856 0.029199149
1841 1.645167049 369.4532322
1842 0 304.0725115
1843 0 340.1856851
1844 0 347.14855
1845 0 236.8984996
1846 0 382.4451298
1847 0 497.1319227
1848 0.960914232 428.6648019
1849 0 115.0013737
1850 0 387.9310444
1851 1.349490233 530.1668268
1852 0 331.9690722
1853 0 98.71747495
1854 0 202.9177771
1855 0 731.3583406
1856 1.933415712 470.3531335
1857 0.897736079 276.525206
1858 0 77.21465863
1859 0 178.0504025
1860 1.528462597 378.9787896
1861 -0.01178698 0.019156965
1862 -0.011327231 0.015039741
1863 -0.01261904 0.013593167
1864 -0.013369012 0.015796648
1865 -0.010958044 0.019645863
1866 -0.011338179 0.014868129
1867 -0.02022651 0.018103083
1868 -0.01249796 0.016158151
1869 -0.012319529 0.016196658
1870 -0.010409291 0.018057259
1871 -0.015263574 0.017466023
1872 -0.011145349 0.012379817
1873 -0.012338275 0.017525886
1874 -0.006702077 0.015236582
1875 -0.012753662 0.012806445
1876 -0.008471724999999999 0.012411914
1877 -0.012500137 0.012953079
1878 -0.009732662 0.012598349
1879 -0.010291524 0.016742304
1880 -0.009695637999999999 0.016915484
1881 -0.010832453 0.020117933
1882 -0.00762323 0.015095042
1883 -0.010595518 0.013174034
1884 -0.008075666 0.0118781
1885 -0.014738411 0.01368373
1886 -0.012159385 0.016198451
1887 -0.011583642 0.013754659
1888 -0.009971614 0.018410383
1889 -0.010579518 0.015716987
1890 -0.009693673999999999 0.016604767
1891 -0.015620797 0.012771783
1892 -0.008130511 0.017989933
1893 -0.017961198 0.011423772
1894 -0.010607264 0.023547113
1895 -0.012972952 0.015673043
1896 -0.009785843000000001 0.01449189
1897 -0.022014255 0.018418496
1898 -0.010987592 0.022530367
1899 -0.011548359 0.01168809
1900 -0.010746898 0.014173184
1901 -0.013217329 0.012948681
1902 -0.010974145 0.016965669
1903 -0.011191786 0.010630932
1904 -0.011951243 0.015677912
1905 -0.011768424 0.013182025
1906 -0.009333192000000001 0.014323939
1907 -0.012286105 0.013546136
1908 -0.012369414 0.015390301
1909 -0.013755932 0.018522622
1910 -0.010127315 0.010758293
1911 -0.011372739 0.017279205
1912 -0.013844642 0.013684738
1913 -0.014834263 0.013190247
1914 -0.008858608 0.012779298
1915 -0.014409719 0.017600979
1916 -0.011960797 0.01703068
1917 -0.019401057 0.013788556
1918 -0.014761316 0.014793774
1919 -0.011147867 0.01095052
1920 -0.009730331 0.016517642
