x
0 1
1 0 0.282051282
2 0.003937008 0.564102564
3 0 0.111627907
4 0 0.148115688
5 0 0.226190476
6 0 0.221153846
7 0 0.202435312
8 0 0.372093023
9 0 0.123809524
10 0 0.1796875
11 0 0.234693878
12 0 0.302419355
13 0 0.102040816
14 0 0.146341463
15 0 0.307216495
16 0 0.217391304
17 0 0.15942029
18 0 0.064814815
19 0 0.100775194
20 0 0.147058824
21 0 0.116883117
22 0 0.032967033
23 0 0.029411765
24 0 0.039039039
25 0 0.016260163
26 0 0.055944056
27 0 0.034883721
28 0 0.055813953
29 0 0.01986755
30 0 0.023923445
31 0 0.050505051
32 0 0.07042253499999999
33 0 0.02
34 0 0.029585799
35 0 0.038961039
36 0 0.032967033
37 0 0.044117647
38 0 0.011428571
39 0 0.025316456
40 0 0.035353535
41 0 0.051948052
42 0 0.441558442
43 0 0.027972028
44 0 0.028776978
45 0 0.08433734900000001
46 0 0.053691275
47 0 0.025906736
48 0 0.037735849
49 0 0.057692308
50 0 0.029411765
51 0 0.032967033
52 0 0.065934066
53 0 0.023255814
54 0 0.025862069
55 0 0.055944056
56 0 0.077170418
57 0 0.029411765
58 0 0.032786885
59 0 0.06
60 0 0.029411765
61 0 0.02293578
62 0 0.025641026
63 0 0.031496063
64 0 0.025316456
65 0 0.026819923
66 0 0.025
67 0 0.04379562
68 0 0.034965035
69 0 0.013157895
70 0 0.022857143
71 0 0.023809524
72 0 0.025316456
73 0 0.013157895
74 0 0.018867925
75 0 0.026490066
76 0 0.02173913
77 0 0.018181818
78 0 0.013245033
79 0 0.022727273
80 0 0.018099548
81 0 0.027472527
82 0 0.031914894
83 0 0.017241379
84 0 0.038888889
85 0 0.019157088
86 0 0.048543689
87 0 0.019417476
88 0 0.028985507
89 0 0.016949153
90 0 0.028571429
91 0 0.02962963
92 0 0.077809798
93 0 0.014150943
94 0 0.025641026
95 0 0.023178808
96 0 0.066666667
97 0 0.023529412
98 0 0.011976048
99 0 0.020289855
100 0 0.029411765
101 0 0.029411765
102 0 0.120481928
103 0 0.014354067
104 0 0.025210084
105 0 0.04
106 0 0.032040472
107 0 0.017241379
108 0 0.03125
109 0 0.011363636
110 0 0.018181818
111 0 0.022123894
112 0 0.036144578
113 0 0.008695652
114 0 0.014705882
115 0 0.07279693499999999
116 0 0.030534351
117 0 0.016806723
118 0 0.009090908999999999
119 0 0.013422819
120 0 0.02189781
121 0 0.055944056
122 0 0.055928412
123 0 0.025316456
124 0 0.038834951
125 0 0.018181818
126 0 0.116504854
127 0 0.053658537
128 0 0.061185468
129 0 0.015873016
130 0 0.025510204
131 0 0.046511628
132 0 0.043478261
133 0 0.025157233
134 0 0.025
135 0 0.032967033
136 0 0.029268293
137 0 0.027777778
138 0 0.015151515
139 0 0.029411765
140 0 0.034146341
141 0 0.028037383
142 0 0.024539877
143 0 0.02189781
144 0 0.019607843
145 0 0.02
146 0 0.058139535
147 0 0.121301775
148 0 0.028846154
149 0 0.02417962
150 0 0.030797101
151 0 0.041237113
152 0 0.027777778
153 0 0.018867925
154 0 0.015625
155 0 0.027972028
156 0 0.07804878
157 0 0.017291066
158 0 0.011428571
159 0 0.022880215
160 0 0.022222222
161 0 0.04
162 0 0.046728972
163 0 0.02955665
164 0 0.023474178
165 0 0.0390625
166 0 0.029239766
167 0 0.032258065
168 0 0.175202156
169 0 0.02764977
170 0 0.038674033
171 0 0.039735099
172 0 0.150943396
173 0 0.023809524
174 0 0.018867925
175 0 0.106976744
176 0 0.070745698
177 0 0.031914894
178 0 0.012383901
179 0 0.078125
180 0 0.041420118
181 0 0.027027027
182 0 0.038461538
183 0 0.012048193
184 0 0.017045455
185 0 0.019230769
186 0 0.02
187 0 0.018552876
188 0 0.029126214
189 0 0.03649635
190 0 0.022452504
191 0 0.025
192 0 0.018867925
193 0 0.010309278
194 0 0.020689655
195 0 0.027972028
196 0 0.025862069
197 0 0.028571429
198 0 0.011363636
199 0 0.01283697
200 0 0.019011407
201 0 0.031496063
202 0 0.03125
203 0 0.020618557
204 0 0.037735849
205 0 0.016949153
206 0 0.040540541
207 0 0.023622047
208 0 0.042553191
209 0 0.017094017
210 0 0.03180212
211 0 0.049180328
212 0 0.027027027
213 0 0.02020202
214 0 0.049180328
215 0 0.015544041
216 0 0.029508197
217 0 0.035714286
218 0 0.016666667
219 0 0.027972028
220 0 0.028169014
221 0 0.04950495
222 0 0.039215686
223 0 0.03
224 0 0.034482759
225 0 0.025974026
226 0 0.032258065
227 0 0.024038462
228 0 0.050505051
229 0 0.017647059
230 0 0.042857143
231 0 0.075471698
232 0 0.037974684
233 0 0.041237113
234 0 0.0375
235 0 0.043902439
236 0 0.058139535
237 0 0.052493438
238 0 0.046728972
239 0 0.023622047
240 0 0.05
241 0 0.064935065
242 0 0.037974684
243 0 0.02919708
244 0 0.024640657
245 0 0.064777328
246 0 0.040816327
247 0 0.037558685
248 0 0.141509434
249 0 0.017241379
250 0 0.027777778
251 0 0.037974684
252 0 0.133603239
253 0 0.025974026
254 0 0.020304569
255 0 0.076086957
256 0 0.051051051
257 0 0.02764977
258 0 0.014423077
259 0 0.018604651
260 0 0.027027027
261 0 0.02
262 0 0.011904762
263 0 0.018348624
264 0 0.017699115
265 0 0.011764706
266 0 0.020833333
267 0 0.012121212
268 0 0.023255814
269 0 0.010989011
270 0 0.020618557
271 0 0.021186441
272 0 0.01754386
273 0 0.014285714
274 0 0.011695906
275 0 0.015384615
276 0 0.013513514
277 0 0.01734104
278 0 0.011627907
279 0 0.011904762
280 0 0.014285714
281 0 0.023668639
282 0 0.022727273
283 0 0.02
284 0 0.023529412
285 0 0.021276596
286 0 0.023809524
287 0 0.014084507
288 0 0.025641026
289 0 0.014705882
290 0 0.034013605
291 0 0.032786885
292 0 0.018867925
293 0 0.015873016
294 0 0.018867925
295 0 0.037209302
296 0 0.017064846
297 0 0.024590164
298 0 0.012269939
299 0 0.014409222
300 0 0.02962963
301 0 0.037656904
302 0 0.062937063
303 0 0.028735632
304 0 0.036437247
305 0 0.048192771
306 0 0.055944056
307 0 0.032608696
308 0 0.053183521
309 0 0.027972028
310 0 0.028985507
311 0 0.026859504
312 0 0.046082949
313 0 0.037209302
314 0 0.046511628
315 0 0.165289256
316 0 0.044554455
317 0 0.034965035
318 0 0.012048193
319 0 0.02
320 0 0.026315789
321 0 0.028077754
322 0 0.120879121
323 0 0.029411765
324 0 0.072807018
325 0 0.022988506
326 0 0.048780488
327 0 0.042857143
328 0 0.08355795100000001
329 0 0.035714286
330 0 0.025316456
331 0 0.043902439
332 0 0.064356436
333 0 0.023255814
334 0 0.032258065
335 0 0.029268293
336 0 0.048076923
337 0 0.024590164
338 0 0.012903226
339 0 0.017948718
340 0 0.026666667
341 0 0.03313253
342 0 0.021276596
343 0 0.020618557
344 0 0.023679417
345 0 0.018867925
346 0 0.028037383
347 0 0.02
348 0 0.025925926
349 0 0.025906736
350 0 0.031496063
351 0 0.038095238
352 0 0.026246719
353 0 0.019047619
354 0 0.019417476
355 0 0.028735632
356 0 0.044117647
357 0 0.047619048
358 0 0.014705882
359 0 0.013824885
360 0 0.027777778
361 0 0.013422819
362 0 0.017241379
363 0 0.010416667
364 0 0.0125
365 0 0.008492569
366 0 0.016666667
367 0 0.013605442
368 0 0.014423077
369 0 0.009090908999999999
370 0 0.018691589
371 0 0.027272727
372 0 0.014705882
373 0 0.007936508
374 0 0.012820513
375 0 0.016393443
376 0 0.010526316
377 0 0.015873016
378 0 0.008771930000000001
379 0 0.01010101
380 0 0.013422819
381 0 0.017241379
382 0 0.04
383 0 0.018181818
384 0 0.016304348
385 0 0.02
386 0 0.021505376
387 0 0.017699115
388 0 0.0703125
389 0 0.018072289
390 0 0.024590164
391 0 0.017142857
392 0 0.022727273
393 0 0.01010101
394 0 0.023622047
395 0 0.029360967
396 0 0.025606469
397 0 0.023041475
398 0 0.008196721000000001
399 0 0.021978022
400 0 0.027972028
401 0 0.029850746
402 0 0.025
403 0 0.021621622
404 0 0.025423729
405 0 0.016260163
406 0 0.029069767
407 0 0.027210884
408 0 0.0390625
409 0 0.014285714
410 0 0.031914894
411 0 0.0375
412 0 0.02764977
413 0 0.016949153
414 0 0.023668639
415 0 0.035928144
416 0 0.033613445
417 0 0.028735632
418 0 0.013513514
419 0 0.01734104
420 0 0.030444965
421 -0.261653033 0.529260347
422 -0.346842638 0.532507634
423 -0.274899366 0.514055784
424 -0.279856063 0.501830279
425 -0.257657082 0.503922267
426 -0.306445043 0.503647867
427 -0.307370833 0.498127111
428 -0.206564583 0.540336208
429 -0.301826706 0.500742819
430 -0.222762654 0.711122461
431 -0.208977222 0.471195291
432 -0.198143109 0.47698573
433 -0.225507348 0.469941849
434 -0.260754314 0.514221997
435 -0.343432427 0.544040921
436 -0.312455139 0.507848682
437 -0.316490241 0.535775107
438 -0.181147132 0.470897927
439 -0.230084377 0.477146595
440 -0.206246012 0.682779137
441 -0.282206938 0.465195077
442 -0.225798139 0.521659794
443 -0.203121641 0.517956594
444 -0.258647423 0.511621344
445 -0.244619008 0.507624864
446 -0.310995104 0.4824764
447 -0.236040074 0.493527627
448 -0.205325901 0.5607188
449 -0.283166577 0.498720838
450 -0.207203755 0.666530358
451 -0.234973764 0.960420608
452 -0.281448756 0.85931683
453 -0.190759649 0.827313988
454 -0.201717798 0.842123818
455 -0.215879142 0.914642143
456 -0.231459545 0.937817054
457 -0.174822409 0.934386653
458 -0.189115653 0.8744984220000001
459 -0.22861999 0.8249230789999999
460 -0.167614197 0.80321118
461 -0.197548639 0.860596975
462 -0.182410112 0.818581728
463 -0.42822115 0.856488426
464 -0.237229599 0.8827779019999999
465 -0.194149733 0.787391553
466 -0.180768924 0.842276072
467 -0.214271335 0.837783494
468 -0.184177642 0.776071359
469 -0.280226521 0.727286639
470 -0.203877347 0.74339638
471 -0.207825792 0.72348697
472 -0.211669796 0.731172033
473 -0.34602457 0.705508017
474 -0.246658053 0.75488895
475 -0.235122288 0.745839879
476 -0.186956843 0.727036149
477 -0.175200116 0.686395766
478 -0.175894773 0.684711042
479 -0.183827528 0.692084703
480 -0.263799516 0.648056283
481 -0.187371917 0.767545761
482 -0.194045948 0.625305281
483 -0.260999504 0.727990073
484 -0.169349206 0.881567637
485 -0.248872119 0.711975481
486 -0.201900375 0.698987067
487 -0.389329634 0.740982648
488 -0.216566695 1.011513194
489 -0.324720525 0.824112081
490 -0.261897132 0.6841798019999999
491 -0.181652394 0.730769366
492 -0.245265857 0.769482272
493 -0.215345907 0.711020431
494 -0.212938951 0.716224019
495 -0.316085231 0.698751948
496 -0.223128545 0.915865982
497 -0.236631648 0.732742942
498 -0.194104323 0.898386328
499 -0.171235981 0.735538633
500 -0.271758719 0.770229375
501 -0.210169793 0.713581531
502 -0.222927049 0.7121031330000001
503 -0.204731924 0.692066175
504 -0.227941688 0.8818172
505 -0.300189963 0.756374691
506 -0.246759358 0.659752627
507 -0.18210309 0.671971757
508 -0.192129236 0.748265178
509 -0.20544416 0.854052852
510 -0.249165424 0.749582826
511 -0.268264895 0.769653668
512 -0.293946279 0.749807859
513 -0.249333695 0.762626558
514 -0.347346686 0.725308708
515 -0.37777347 0.666882501
516 -0.242772315 0.737198538
517 -0.336562959 0.6789976049999999
518 -0.183102877 0.710717226
519 -0.170470024 0.674090867
520 -0.194332061 0.666695685
521 -0.293595943 0.648522248
522 -0.294937004 0.664767441
523 -0.265252294 0.658953426
524 -0.266929217 0.679234204
525 -0.192502003 0.664789027
526 -0.14765007 0.667042799
527 -0.233771667 0.665074112
528 -0.290762833 0.661137617
529 -0.231211401 0.698010292
530 -0.235079125 0.705649045
531 -0.197702097 0.686245943
532 -0.239484302 0.673528257
533 -0.258293235 0.651404075
534 -0.208287322 1.13165024
535 -0.174078791 0.684180223
536 -0.26318236 0.683951291
537 -0.496479898 0.666109627
538 -0.359372608 1.205772131
539 -0.259632863 0.740268826
540 -0.180042279 0.73980332
541 -0.349320257 1.090762359
542 -0.246110987 0.883352612
543 -0.303393244 1.009400179
544 -0.229713595 1.276204555
545 -0.360263627 1.006367943
546 -0.224206429 0.958893446
547 -0.578028188 1.016747461
548 -0.256532032 1.390242565
549 -0.40155324 1.121598493
550 -0.317353945 0.953160763
551 -0.180092242 1.042466625
552 -0.257653852 1.095169592
553 -0.280488863 1.014895295
554 -0.226072043 0.969090683
555 -0.471740404 1.001017522
556 -0.289508598 1.279587917
557 -0.262614341 1.018391674
558 -0.225078203 1.299580672
559 -0.208040709 1.02564085
560 -0.291297934 1.082084152
561 -0.224152668 0.986626586
562 -0.285570445 0.989853248
563 -0.3309884 0.966970873
564 -0.209877273 1.189067917
565 -0.414748453 1.038208374
566 -0.287669764 0.911197218
567 -0.197612504 0.930777004
568 -0.263603598 0.997010399
569 -0.216627092 1.235135601
570 -0.239723431 1.02126024
571 -0.451030171 1.013683502
572 -0.238427526 0.838011346
573 -0.277758226 0.988243918
574 -0.185633185 1.188802028
575 -0.289555816 0.939835764
576 -0.220095477 0.918478369
577 -0.501317731 1.004802634
578 -0.268486787 1.265863506
579 -0.373803128 0.986947573
580 -0.327070614 0.930432703
581 -0.234727952 0.983416835
582 -0.389992712 1.012707183
583 -0.236600021 0.943196324
584 -0.198216465 0.9724727520000001
585 -0.393903843 0.94985052
586 -0.281304778 1.166727727
587 -0.269840955 0.964465028
588 -0.248976162 1.119128834
589 -0.273426792 0.959945074
590 -0.268885886 1.009653087
591 -0.216186625 0.960047129
592 -0.251499879 0.923261453
593 -0.360064824 0.909512718
594 -0.283723436 1.124065595
595 -0.36571704 1.002391099
596 -0.286979428 0.855575595
597 -0.284499974 0.893382979
598 -0.246924293 0.975098607
599 -0.287200445 0.984805772
600 -0.251074211 0.952281567
601 -0.491405495 1.967969515
602 -0.317482657 1.474809001
603 -0.373958158 1.778468407
604 -0.384358821 2.42313169
605 -0.443741611 1.765522461
606 -0.318591919 1.505712292
607 -0.37361801 1.812938821
608 -0.337992384 2.324274905
609 -0.381418893 1.820607584
610 -0.562853586 1.60419838
611 -0.356511551 1.726396355
612 -0.292534028 2.079727706
613 -0.325116625 1.734718069
614 -0.353006233 1.656705685
615 -0.373429517 1.797453707
616 -0.368806438 2.104966185
617 -0.312942803 1.712350932
618 -0.361003374 2.35439316
619 -0.377599907 1.633333765
620 -0.419691347 1.926897024
621 -0.5577682980000001 1.762311092
622 -0.368951389 1.613621459
623 -0.393163628 1.697516144
624 -0.310752835 1.921075035
625 -0.381099291 1.72757879
626 -0.509889208 1.533064169
627 -0.374438191 1.494775374
628 -0.361289763 1.716630692
629 -0.368822168 1.623063528
630 -0.442502247 1.652722777
631 -0.187372078 0.349550812
632 -0.205519287 0.336720527
633 -0.200373775 0.331098243
634 -0.196444046 0.376200435
635 -0.159666966 0.309681393
636 -0.191953233 0.34057487
637 -0.220176961 0.357964065
638 -0.298730379 0.378268379
639 -0.197487945 0.332957164
640 -0.181950697 0.453955376
641 -0.192135113 0.358127624
642 -0.200360529 0.313422418
643 -0.194157182 0.383387687
644 -0.333597975 0.441793287
645 -0.176977893 0.434972954
646 -0.242334896 0.334203333
647 -0.22372924 0.338183549
648 -0.204167901 0.321876203
649 -0.24567612 0.341000548
650 -0.264012192 0.410451935
651 -0.283660416 0.287370457
652 -0.265683877 0.338178435
653 -0.230497672 0.410165342
654 -0.314586931 0.315755682
655 -0.203129975 0.434143369
656 -0.182772197 0.330412124
657 -0.186927774 0.312928462
658 -0.219812335 0.511795196
659 -0.280253757 0.289583139
660 -0.211836847 0.387510529
661 -0.255124977 0.367243989
662 -0.330842745 0.371776716
663 -0.234952232 0.242020636
664 -0.261624696 0.261246263
665 -0.286157312 0.244652679
666 -0.323552034 0.242845778
667 -0.329028871 0.270499076
668 -0.295654497 0.34443258
669 -0.279359064 0.237943195
670 -0.256909705 0.599548275
671 -0.242790901 0.30190821
672 -0.227032504 0.328225429
673 -0.311996918 0.246558944
674 -0.291682666 0.239841953
675 -0.291241283 0.483363283
676 -0.299956636 0.29370651
677 -0.365023074 0.371614843
678 -0.279546228 0.280928573
679 -0.22441078 0.28449637
680 -0.288632612 0.558945512
681 -0.312183877 0.314266144
682 -0.275364251 0.234943291
683 -0.228934593 0.32583895
684 -0.25411203 0.405064862
685 -0.253315376 0.281561476
686 -0.288356825 0.355552943
687 -0.457930839 0.259091807
688 -0.290542469 0.564759564
689 -0.319295282 0.290983863
690 -0.321761912 0.554589993
691 -0.257443413 0.483514555
692 -0.340394929 0.328560093
693 -0.267454678 0.288414993
694 -0.27300695 0.353778018
695 -0.272823064 0.336561906
696 -0.284707496 0.373241551
697 -0.219139237 0.378030487
698 -0.293162683 0.387258039
699 -0.344002911 0.279817675
700 -0.245062365 0.288895112
701 -0.216882305 0.225775209
702 -0.264427049 0.276631792
703 -0.447726942 0.238011889
704 -0.311048537 0.305011648
705 -0.240557095 0.26023197
706 -0.23197603 0.262430381
707 -0.279534279 0.206416179
708 -0.350331809 0.273904814
709 -0.340037622 0.222356849
710 -0.233194843 0.325107766
711 -0.261228606 0.269300159
712 -0.239585756 0.261329938
713 -0.361439076 0.330981028
714 -0.277899775 0.229253431
715 -0.277537744 0.205560516
716 -0.302614513 0.278975303
717 -0.416012364 0.239140983
718 -0.216051898 0.556378699
719 -0.223561142 0.363711559
720 -0.339876219 0.307586364
721 -0.221992901 0.342559237
722 -0.241936904 0.344920094
723 -0.25045982 0.273302073
724 -0.266991589 0.340835351
725 -0.299453483 0.297027468
726 -0.326781401 0.248806148
727 -0.306562598 0.277524636
728 -0.262285925 0.461980939
729 -0.332988982 0.249183605
730 -0.275831156 0.248289115
731 -0.295303674 0.229431874
732 -0.362128972 0.244326466
733 -0.259113815 0.209483448
734 -0.313954605 0.239072354
735 -0.31931799 0.402109928
736 -0.285733755 0.36961226
737 -0.328354995 0.271855317
738 -0.205664805 0.311334513
739 -0.300857115 0.264201395
740 -0.346464426 0.322160632
741 -0.268035058 0.280044648
742 -0.286689719 0.359785441
743 -0.247781939 0.407272783
744 -0.296100879 0.342369126
745 -0.291511005 0.297769932
746 -0.267924225 0.349945126
747 -0.261386818 0.271816484
748 -0.311549127 0.7614056729999999
749 -0.34459937 0.312210091
750 -0.273320457 0.403454829
751 -0.336264881 0.318529631
752 -0.327763192 0.296315893
753 -0.270111523 0.317438975
754 -0.245424086 0.315243678
755 -0.229508409 0.479886624
756 -0.31751565 0.38606904
757 -0.284094884 0.248705195
758 -0.218511265 0.269028005
759 -0.386006531 0.363540892
760 -0.259658045 0.532785881
761 -0.252531264 0.243039571
762 -0.251045207 0.294394488
763 -0.229763824 0.309719714
764 -0.264163829 0.27664541
765 -0.255142168 0.513269787
766 -0.253124465 0.295959688
767 -0.258527552 0.233875878
768 -0.28111606 0.351509787
769 -0.266958306 0.267077023
770 -0.289116818 0.540350163
771 -0.269362376 0.342847608
772 -0.283072927 0.294524186
773 -0.288887788 0.320249044
774 -0.26630926 0.62393413
775 -0.262840823 0.360649196
776 -0.26482539 0.210266653
777 -0.330886107 0.297701763
778 -0.280319212 0.879915285
779 -0.275188067 0.332180167
780 -0.307285138 0.477871764
781 -0.218450902 0.363477195
782 -0.287033045 0.333247798
783 -0.243837039 0.304963315
784 -0.299722157 0.435718558
785 -0.302503845 0.285987715
786 -0.290956822 0.276473614
787 -0.340185676 0.260297117
788 -0.255720022 0.509827074
789 -0.312356449 0.281651214
790 -0.280703639 0.291953437
791 -0.262141063 0.248539113
792 -0.310901847 0.310121042
793 -0.351317217 0.30997809
794 -0.317178313 0.273180983
795 -0.284208028 0.478786286
796 -0.318879658 0.433844582
797 -0.328049529 0.284534973
798 -0.211561399 0.327085748
799 -0.260231373 0.26962358
800 -0.33563563 0.305775308
801 -0.258224209 0.25811278
802 -0.306883506 0.338064801
803 -0.272547869 0.41388334
804 -0.300245044 0.378543779
805 -0.27130785 0.284865853
806 -0.286414383 0.366685405
807 -0.245460647 0.253379317
808 -0.341778966 0.781267551
809 -0.321003355 0.264313485
810 -0.258473136 0.445611176
811 -0.315685353 0.380281774
812 -0.287042764 0.339106506
813 -0.264582453 0.295160039
814 -0.235587963 0.428419001
815 -0.293662859 0.282024057
816 -0.307750034 0.26137085
817 -0.351205454 0.29266024
818 -0.262851204 0.483566657
819 -0.287890975 0.260116007
820 -0.320861589 0.238313485
821 -0.293595672 0.274724106
822 -0.376495927 0.296467079
823 -0.26195639 0.246278295
824 -0.257900489 0.268518912
825 -0.301546329 0.450849016
826 -0.262675139 0.410033034
827 -0.316885785 0.321210433
828 -0.236575869 0.322354824
829 -0.27867427 0.262841501
830 -0.31420931 0.307451102
831 -0.254763513 0.271476948
832 -0.261722858 0.355222606
833 -0.2992857 0.407095219
834 -0.281119864 0.384454916
835 -0.289525719 0.295583892
836 -0.259714408 0.37195878
837 -0.316088173 0.226727001
838 -0.310303883 0.72445485
839 -0.314104219 0.260876523
840 -0.270993509 0.452251675
841 -0.29073163 0.455034382
842 -0.244337077 0.423889439
843 -0.244962035 0.379566315
844 -0.288421228 0.629721278
845 -0.24756743 0.372567901
846 -0.225639966 0.269762955
847 -0.266671397 0.389794547
848 -0.240746705 0.588685508
849 -0.326520047 0.3896027
850 -0.331241362 0.306200332
851 -0.257596588 0.351949309
852 -0.283316569 0.489734763
853 -0.250322998 0.354530675
854 -0.231515254 0.323872761
855 -0.238679869 0.499696185
856 -0.305109078 0.497546598
857 -0.268626598 0.556322532
858 -0.350743063 0.349886192
859 -0.243091538 0.315174426
860 -0.28696675 0.430101905
861 -0.325750709 0.366918563
862 -0.199599579 0.347680904
863 -0.277744257 0.545466655
864 -0.253957651 0.430026732
865 -0.301593381 0.35524288
866 -0.475018914 0.278834127
867 -0.445688036 0.277417642
868 -0.309908449 0.749975969
869 -0.319730339 0.317408135
870 -0.311754865 0.486916855
871 -0.273169959 0.260243408
872 -0.366050209 0.505827825
873 -0.242934405 0.264164366
874 -0.291238894 0.353816426
875 -0.24060793 0.354526264
876 -0.310654796 0.276841212
877 -0.328973569 0.29341752
878 -0.259529477 0.37663149
879 -0.222743719 0.389115085
880 -0.261113529 0.511391042
881 -0.24855385 0.270599196
882 -0.312266836 0.25352331
883 -0.253851399 0.354653864
884 -0.368001554 0.335095245
885 -0.295956534 0.331149194
886 -0.306064994 0.254419498
887 -0.344143942 0.314482249
888 -0.267044896 0.257013956
889 -0.305679108 0.235818915
890 -0.315205521 0.441926319
891 -0.321693519 0.340083203
892 -0.306658712 0.218565636
893 -0.269961116 0.243846019
894 -0.327182346 0.351479132
895 -0.271131026 0.279729336
896 -0.239626583 0.27610742
897 -0.240977077 0.31291601
898 -0.238185187 0.729246141
899 -0.314452957 0.382852953
900 -0.297112207 0.422248843
901 0.632337379 1.245710699
902 0.636470693 1.330666628
903 0.684201963 1.226611618
904 0.670168048 1.258534582
905 0.772099771 1.285605394
906 0.744644903 1.316112923
907 0.730513916 1.312440741
908 0.627220479 1.294550435
909 0.7093375240000001 1.273296815
910 0.391990096 1.244928223
911 0.711636705 1.242842549
912 0.652626869 1.218519314
913 0.758638477 1.308638732
914 0.720386699 1.299901722
915 0.50008918 1.300826592
916 0.682853572 1.335480528
917 0.669804196 1.334915051
918 0.648601585 1.280045647
919 0.724724825 1.269534808
920 0.45294744 1.282420297
921 0.6866815590000001 1.328454671
922 0.765446102 1.271630842
923 0.663354933 1.241100216
924 0.608120254 1.300749066
925 0.722047642 1.309339285
926 0.612428452 1.281230586
927 0.709431539 1.482473042
928 0.376603494 1.242649056
929 0.674617908 1.291037483
930 0.465827291 1.330518233
931 0.461967544 1.242481686
932 0.624097958 1.311970268
933 0.680169595 1.240446055
934 0.609488738 1.250125408
935 0.567046601 1.250804091
936 0.539694757 1.25142317
937 0.544939414 1.201370223
938 0.586119289 1.276385666
939 0.674880364 1.332567033
940 0.726358199 1.246226936
941 0.684352317 1.206731146
942 0.685853295 1.215294809
943 0.696950141 1.387259694
944 0.64381318 1.30416358
945 0.745861294 1.239535241
946 0.708236391 1.217008227
947 0.758065772 1.289103906
948 0.6911725440000001 1.24448695
949 0.7364932239999999 1.349709162
950 0.653208889 1.237409051
951 0.742134152 1.245628251
952 0.69400973 1.264019509
953 0.633966175 1.312887022
954 0.719102316 1.240516023
955 0.779720846 1.268778134
956 0.709812039 1.304473624
957 0.751981517 1.417829957
958 0.388670975 1.21024382
959 0.662653083 1.245735291
960 0.7244720690000001 1.378658181
961 0.652156738 1.218981288
962 0.658847722 1.235151341
963 0.7239176389999999 1.256992772
964 0.6535613770000001 1.282424739
965 0.689390414 1.279459074
966 0.754036213 1.324010691
967 0.70171293 1.300940304
968 0.5354680509999999 1.27656998
969 0.730454206 1.335954207
970 0.74732363 1.272122396
971 0.768264624 1.28147242
972 0.749453327 1.385785918
973 0.754134681 1.301372652
974 0.729651535 1.360608621
975 0.591549977 1.342739354
976 0.627579582 1.298551536
977 0.727292524 1.32654193
978 0.688201669 1.258812931
979 0.749615783 1.322028193
980 0.661063625 1.315583116
981 0.691601117 1.275156374
982 0.681307737 1.33791942
983 0.619366326 1.293286813
984 0.656829373 1.302880842
985 0.661356612 1.320668404
986 0.65588662 1.265588637
987 0.735663969 1.285932624
988 0.239721496 1.316565466
989 0.692954751 1.326286352
990 0.59348256 1.31923361
991 0.680931159 1.334546697
992 0.708449541 1.279563277
993 0.693337762 1.269758627
994 0.709617702 1.262313505
995 0.509714067 1.215663218
996 0.617157267 1.289256418
997 0.722340188 1.321031429
998 0.7225677579999999 1.225595973
999 0.642679547 1.408696402
1000 0.456081205 1.298014024
1001 0.766346486 1.291234245
1002 0.70812255 1.26990195
1003 0.694639924 1.302939346
1004 0.688766078 1.309334662
1005 0.500142296 1.276247505
1006 0.691700142 1.224473119
1007 0.7102221520000001 1.267439531
1008 0.607764657 1.385881677
1009 0.728995939 1.305681664
1010 0.449576883 1.300439081
1011 0.663032515 1.306735271
1012 0.687401464 1.340733338
1013 0.714549585 1.342989538
1014 0.335312481 1.316775979
1015 0.636128301 1.325434693
1016 0.736820198 1.326435796
1017 0.716794632 1.342342293
1018 0.171908845 1.30867011
1019 0.699181228 1.375923219
1020 0.525968755 1.328740439
1021 0.633518786 1.210073521
1022 0.658853856 1.278602757
1023 0.693194607 1.239271871
1024 0.560673601 1.315319966
1025 0.6992043060000001 1.292958421
1026 0.7239635089999999 1.295789946
1027 0.737211715 1.337334363
1028 0.489134238 1.263602592
1029 0.718200186 1.315379089
1030 0.698096808 1.278453104
1031 0.746031128 1.253251845
1032 0.688826101 1.327177178
1033 0.7145910519999999 1.393985332
1034 0.721273563 1.408463893
1035 0.513662477 1.300776335
1036 0.5689884589999999 1.338689146
1037 0.703419958 1.320901747
1038 0.672289646 1.25339009
1039 0.736587327 1.271139021
1040 0.698506151 1.306063492
1041 0.7037160690000001 1.245217076
1042 0.708011077 1.366009788
1043 0.635063924 1.308459317
1044 0.6259404589999999 1.314552346
1045 0.666354109 1.282737834
1046 0.651748769 1.289341216
1047 0.735776732 1.263774072
1048 0.233557968 1.349439081
1049 0.708487446 1.290162525
1050 0.5384791209999999 1.31728188
1051 0.613424593 1.304224857
1052 0.649170761 1.279395889
1053 0.701435897 1.220691525
1054 0.568551108 1.248283926
1055 0.707697645 1.295257794
1056 0.7422288500000001 1.30086777
1057 0.706369231 1.345744758
1058 0.5167635739999999 1.26586583
1059 0.738068645 1.315749912
1060 0.739484918 1.330193329
1061 0.723527479 1.28527472
1062 0.703020563 1.386923161
1063 0.753771626 1.293340005
1064 0.715278795 1.320705873
1065 0.540659745 1.318027669
1066 0.592903303 1.264440703
1067 0.68458129 1.309183667
1068 0.677408879 1.292822914
1069 0.741756475 1.307989909
1070 0.668217745 1.284601877
1071 0.690378173 1.273258631
1072 0.687330969 1.258412449
1073 0.611789928 1.340202474
1074 0.621004193 1.282686066
1075 0.699444349 1.298188923
1076 0.628105664 1.244513552
1077 0.786190236 1.337910201
1078 0.262359708 1.345907747
1079 0.700945797 1.292675479
1080 0.535598126 1.315599958
1081 0.544677019 1.277577537
1082 0.558872261 1.246140135
1083 0.621733864 1.244512931
1084 0.372733081 1.300233941
1085 0.630306711 1.226632112
1086 0.734220876 1.243886534
1087 0.595987433 1.256295151
1088 0.417941393 1.263264317
1089 0.617590088 1.356419805
1090 0.696183445 1.363695488
1091 0.6562631249999999 1.289112342
1092 0.519880056 1.317117902
1093 0.655744849 1.294734692
1094 0.687708042 1.277996309
1095 0.490287173 1.286179739
1096 0.516708421 1.350509848
1097 0.529161844 1.310911873
1098 0.669596325 1.539280656
1099 0.700119611 1.260606727
1100 0.585121084 1.276064558
1101 0.508101681 1.302073533
1102 0.668083524 1.251210395
1103 0.366782602 1.297947937
1104 0.555337254 1.327414901
1105 0.595131084 1.420037451
1106 0.719459379 1.529092029
1107 0.716429561 1.472528039
1108 0.241887003 1.397112755
1109 0.672503391 1.44711731
1110 0.507431721 1.335724069
1111 0.726882498 1.265340043
1112 0.485289391 1.343015694
1113 0.695869489 1.232561896
1114 0.642951712 1.284749255
1115 0.643426886 1.286273378
1116 0.721042445 1.333219864
1117 0.714509002 1.321688159
1118 0.580254407 1.258580331
1119 0.588651573 1.219738284
1120 0.480705051 1.288487095
1121 0.650415477 1.226976811
1122 0.748175789 1.314227951
1123 0.607587959 1.289160784
1124 0.601272721 1.372078575
1125 0.670183839 1.27148011
1126 0.704163522 1.289381599
1127 0.671944562 1.277377704
1128 0.729469183 1.260196301
1129 0.771369653 1.295396031
1130 0.559742624 1.311972697
1131 0.552910922 1.291912306
1132 0.7636719280000001 1.33160539
1133 0.669644166 1.28437814
1134 0.636967365 1.279158143
1135 0.71114198 1.25772662
1136 0.701673175 1.234269376
1137 0.658761925 1.248838198
1138 0.248649168 1.245070285
1139 0.588620825 1.359222946
1140 0.56800946 1.334070017
1141 0.069767442 0.653846154
1142 0.13253012 0.643518519
1143 0.02173913 0.575129534
1144 0.15060241 0.651546392
1145 0.010869565 0.546875
1146 0.110687023 0.717948718
1147 0.02173913 0.624352332
1148 0.098393574 0.618556701
1149 0.07751938 0.653846154
1150 0.071428571 0.566621803
1151 0.076086957 0.617283951
1152 0.110687023 0.717948718
1153 0.010204082 0.615384615
1154 0.358974359 0.9689922479999999
1155 0 0.307692308
1156 0.209302326 0.756410256
1157 0.054347826 0.471544715
1158 0.118473896 0.555555556
1159 0.115384615 0.744186047
1160 0.069767442 0.653846154
1161 0.065420561 0.495726496
1162 0.054545455 0.476635514
1163 0.021978022 0.353333333
1164 0.010989011 0.469387755
1165 0 0.448979592
1166 0.050505051 0.493975904
1167 0.021978022 0.348088531
1168 0.010989011 0.5234375
1169 0.021978022 0.386666667
1170 0.027272727 0.496503497
1171 0.024096386 0.421768707
1172 0.034965035 0.450549451
1173 0.046875 0.445783133
1174 0.020618557 0.5600000000000001
1175 0 0.167785235
1176 0 0.396226415
1177 0.046511628 0.371900826
1178 0.096296296 0.476635514
1179 0.019512195 0.375
1180 0.102040816 0.490566038
1181 0.025974026 0.393333333
1182 0 0.4
1183 0.03996004 24.75247525
1184 0.03996004 24.75247525
1185 0.03996004 24.75247525
1186 0.03996004 24.75247525
1187 0.03996004 24.75247525
1188 0.041356493 12.79069767
1189 0.041356493 12.79069767
1190 0.041356493 12.79069767
1191 0.041356493 12.79069767
1192 0.041356493 12.79069767
1193 0.01998002 22.98850575
1194 0.01998002 22.98850575
1195 0.01998002 22.98850575
1196 0.01998002 22.98850575
1197 0.01998002 22.98850575
1198 0.03996004 12.79069767
1199 0.03996004 12.79069767
1200 0.03996004 12.79069767
1201 0.03996004 12.79069767
1202 0.03996004 12.79069767
1203 0.046641791 91.30434783
1204 0.046641791 91.30434783
1205 0.046641791 91.30434783
1206 0.046641791 91.30434783
1207 0.046641791 91.30434783
1208 0.01998002 11.5942029
1209 0.01998002 11.5942029
1210 0.01998002 11.5942029
1211 0.01998002 11.5942029
1212 0.01998002 11.5942029
1213 0.01998002 8
1214 0.01998002 8
1215 0.01998002 8
1216 0.01998002 8
1217 0.01998002 8
1218 0.041356493 12.79069767
1219 0.041356493 12.79069767
1220 0.041356493 12.79069767
1221 0.041356493 12.79069767
1222 0.041356493 12.79069767
1223 0.03996004 18.84057971
1224 0.03996004 18.84057971
1225 0.03996004 18.84057971
1226 0.03996004 18.84057971
1227 0.03996004 18.84057971
1228 0.03996004 16.04938272
1229 0.03996004 16.04938272
1230 0.03996004 16.04938272
1231 0.03996004 16.04938272
1232 0.03996004 16.04938272
1233 0.041356493 16.78321678
1234 0.041356493 16.78321678
1235 0.041356493 16.78321678
1236 0.041356493 16.78321678
1237 0.041356493 16.78321678
1238 0.01998002 11.5942029
1239 0.01998002 11.5942029
1240 0.01998002 11.5942029
1241 0.01998002 11.5942029
1242 0.01998002 11.5942029
1243 0.044583148 50
1244 0.044583148 50
1245 0.044583148 50
1246 0.044583148 50
1247 0.044583148 50
1248 0.01998002 2.666666667
1249 0.01998002 2.666666667
1250 0.01998002 2.666666667
1251 0.01998002 2.666666667
1252 0.01998002 2.666666667
1253 0 78.37837838
1254 0 78.37837838
1255 0 78.37837838
1256 0 78.37837838
1257 0 78.37837838
1258 0.01998002 5.952380952
1259 0.01998002 5.952380952
1260 0.01998002 5.952380952
1261 0.01998002 5.952380952
1262 0.01998002 5.952380952
1263 0.059826503 34.48275862
1264 0.059826503 34.48275862
1265 0.059826503 34.48275862
1266 0.059826503 34.48275862
1267 0.059826503 34.48275862
1268 0.03996004 30.43478261
1269 0.03996004 30.43478261
1270 0.03996004 30.43478261
1271 0.03996004 30.43478261
1272 0.03996004 30.43478261
1273 0.042167405 23.91304348
1274 0.042167405 23.91304348
1275 0.042167405 23.91304348
1276 0.042167405 23.91304348
1277 0.042167405 23.91304348
1278 0.03996004 24.75247525
1279 0.03996004 24.75247525
1280 0.03996004 24.75247525
1281 0.03996004 24.75247525
1282 0.03996004 24.75247525
1283 0.01998002 14.95327103
1284 0.01998002 14.95327103
1285 0.01998002 14.95327103
1286 0.01998002 14.95327103
1287 0.01998002 14.95327103
1288 0 1
1289 0 1
1290 0 1
1291 0 1
1292 0 1
1293 0 1
1294 0 0.5
1295 0 1
1296 0 1
1297 0 1
1298 0 1
1299 0 1
1300 0 1
1301 0 0.75
1302 0 1
1303 0 1
1304 0 1
1305 0 1
1306 0 1
1307 0 1
1308 0 0.5
1309 0 1
1310 0 1
1311 0 1
1312 0 1
1313 0 1
1314 0 1
1315 0 0.428571429
1316 0 1
1317 0 1
1318 0 1
1319 0 0.8
1320 0 1
1321 0 1
1322 0 0.333333333
1323 0 1
1324 0 1
1325 0 1
1326 0 0.666666667
1327 0 0.75
1328 0 1
1329 0 0.333333333
1330 0 0.666666667
1331 0 0.5
1332 0 0.5
1333 0 0.6
1334 0 0.4
1335 0 0.714285714
1336 0 0.4
1337 0 1
1338 0 1
1339 0 1
1340 0 1
1341 0 1
1342 0 1
1343 0 0.5
1344 0 1
1345 0 1
1346 0 1
1347 0 1
1348 0 1
1349 0 1
1350 0 1
1351 0 1
1352 0 1
1353 0 1
1354 0 1
1355 0 1
1356 0 1
1357 0 0.7
1358 0 1
1359 0 1
1360 0 1
1361 0 1
1362 0 1
1363 0 1
1364 0 0.7
1365 0 1
1366 0 1
1367 0 1
1368 0 1
1369 0 1
1370 0 1
1371 0 0.333333333
1372 0 1
1373 0 1
1374 0 1
1375 0 1
1376 0 0.857142857
1377 0 1
1378 0 0.4
1379 0 0.6
1380 0 0.5
1381 0 1
1382 0 0.5
1383 0 0.75
1384 0 0.421052632
1385 0 0.5
1386 0 1
1387 0 1
1388 0 1
1389 0 0.9
1390 0 1
1391 0 1
1392 0 1
1393 0 1
1394 0 1
1395 0 1
1396 0 1
1397 0 1
1398 0 1
1399 0 0.666666667
1400 0 1
1401 0 1
1402 0 1
1403 0 0.923076923
1404 0 1
1405 0 1
1406 0 0.666666667
1407 0 1
1408 0 1
1409 0 1
1410 0 0.75
1411 0 1
1412 0 0.666666667
1413 0 0.5
1414 0 1
1415 0 1
1416 0 1
1417 0 1
1418 0 1
1419 0 1
1420 0 0.333333333
1421 0 1
1422 0 1
1423 0 1
1424 0 0.692307692
1425 0 0.928571429
1426 0 1
1427 0 0.583333333
1428 0 0.666666667
1429 0 0.9
1430 0 0.5
1431 0 0.666666667
1432 0 0.5
1433 0 0.5
1434 0 0.333333333
1435 0 1
1436 0 1
1437 0 1
1438 0 1
1439 0 0.875
1440 0 0.75
1441 0 0.4
1442 0 1
1443 0 1
1444 0 1
1445 0 1
1446 0 1
1447 0 1
1448 0 0.5
1449 0 1
1450 0 1
1451 0 1
1452 0 1
1453 0 1
1454 0 0.666666667
1455 0 0.4
1456 0 0.833333333
1457 0 1
1458 0 0.846153846
1459 0 1
1460 0 1
1461 0 0.666666667
1462 0 0.347826087
1463 0 1
1464 0 1
1465 0 1
1466 0 1
1467 0 0.857142857
1468 0 0.875
1469 0 0.333333333
1470 0 0.833333333
1471 0 1
1472 0 0.75
1473 0 0.666666667
1474 0 0.857142857
1475 0 0.875
1476 0 0.5
1477 0 1
1478 0 0.7
1479 0 0.5
1480 0 0.5
1481 0 0.363636364
1482 0 0.333333333
1483 0 0.333333333
1484 0 1
1485 0 1
1486 0 0.857142857
1487 0 0.818181818
1488 0 1
1489 0 0.8
1490 0 0.8
1491 0 1
1492 0 1
1493 0 1
1494 0 1
1495 0 1
1496 0 1
1497 0 1
1498 0 1
1499 0 1
1500 0 1
1501 0 1
1502 0 1
1503 0 1
1504 0 0.5
1505 0 1
1506 0 1
1507 0 0.75
1508 0 1
1509 0 1
1510 0 1
1511 0 0.5
1512 0 1
1513 0 1
1514 0 1
1515 0 1
1516 0 1
1517 0 0.833333333
1518 0 1
1519 0 1
1520 0 1
1521 0 0.785714286
1522 0 0.6
1523 0 1
1524 0 1
1525 0 0.4
1526 0 0.578947368
1527 0 0.571428571
1528 0 0.5
1529 0 0.4
1530 0 0.666666667
1531 0 0.583333333
1532 0 0.333333333
1533 0 1
1534 0 1
1535 0 1
1536 0 1
1537 0 0.8
1538 0 1
1539 0 0.5
1540 0 1
1541 0 1
1542 0 1
1543 0 1
1544 0 1
1545 0 1
1546 0 0.4
1547 0 1
1548 0 1
1549 0 1
1550 0 0.75
1551 0 1
1552 0 1
1553 0 0.333333333
1554 0 1
1555 0 1
1556 0 0.846153846
1557 0 1
1558 0 0.666666667
1559 0 0.666666667
1560 0 0.5
1561 0 1
1562 0 1
1563 0 1
1564 0 0.714285714
1565 0 1
1566 0 1
1567 0 0.578947368
1568 0 0.833333333
1569 0 1
1570 0 1
1571 0 0.75
1572 0 1
1573 0 1
1574 0 0.5
1575 0 0.333333333
1576 0 0.5
1577 0 0.4
1578 0 0.428571429
1579 0 0.5
1580 0 0.5
1581 0 0.5
1582 0 0.75
1583 0 0.666666667
1584 0 0.6
1585 0 0.333333333
1586 0 0.375
1587 0 0.666666667
1588 0 0.25
1589 0 0.666666667
1590 0 0.75
1591 0 1
1592 0 0.8
1593 0 0.5
1594 0 0.571428571
1595 0 0.5
1596 0 0.666666667
1597 0 0.5
1598 0 0.6
1599 0 1
1600 0 0.5
1601 0 0.666666667
1602 0 0.5
1603 0 0.571428571
1604 0 0.5
1605 0 0.5
1606 0 0.6
1607 0 0.333333333
1608 0 0.333333333
1609 0 0.5
1610 0 0.5
1611 0 0.615384615
1612 0 0.571428571
1613 0 0.333333333
1614 0 0.571428571
1615 0 0.333333333
1616 0 0.333333333
1617 0 1
1618 0 0.333333333
1619 0 0.6
1620 0 0.583333333
1621 0 0.578947368
1622 0 0.5
1623 0 0.5
1624 0 0.333333333
1625 0 0.333333333
1626 0 0.333333333
1627 0 0.5
1628 0 0.666666667
1629 0 0.5
1630 0 0.142857143
1631 21.085965 1791.81779
1632 18.11917 1730.712574
1633 18.204573 1726.759464
1634 14.989205 1714.208549
1635 18.318321 1757.862849
1636 16.839918 1758.305784
1637 18.209093 1716.062775
1638 17.97701 1701.303451
1639 15.823506 1724.821557
1640 17.284073 1764.76755
1641 14.42167 1712.577044
1642 15.769746 1733.915842
1643 18.618316 1761.197124
1644 15.263782 1734.86377
1645 16.88611 1728.259973
1646 15.086222 1752.337115
1647 15.177255 1753.213175
1648 12.349419 1720.55226
1649 16.36114 1725.004861
1650 12.675421 1733.89826
1651 12.622701 1799.23734
1652 13.483009 1722.21984
1653 12.316088 1751.715799
1654 11.144195 1706.589152
1655 13.265657 1709.646862
1656 11.228936 1743.486621
1657 11.112056 1742.831125
1658 12.227215 1722.796512
1659 9.536137 1767.96785
1660 8.181665000000001 1755.35892
1661 408851 50102137
1662 438890 49254426
1663 466030 48345219
1664 454542 50411925
1665 464800 50648969
1666 417612 51038618
1667 350462 50029697
1668 392297 49143873
1669 365028 49423223
1670 386793 49095942
1671 400997 50357835
1672 374128 50877853
1673 354094 49845350
1674 317634 51590459
1675 349327 50690892
1676 325442 50234311
1677 313670 49961456
1678 341809 48976009
1679 352674 49373588
1680 303399 50499172
1681 294825 49662466
1682 310930 50063228
1683 211865 50242013
1684 219966 49704857
1685 259750 49795039
1686 302325 49387984
1687 281423 49907205
1688 275466 50768375
1689 258057 49677676
1690 224944 50690663
1691 0 0.265734315
1692 0.004764186 0.584076925
1693 0 0.130237017
1694 0 0.14513445
1695 0 0.209903191
1696 0 0.235623854
1697 0 0.25080689
1698 0 0.639610443
1699 0 0.120089089
1700 0 0.238646879
1701 0 0.473446377
1702 0 0.290860427
1703 0 0.205846251
1704 0 0.200855509
1705 0 0.489826125
1706 0 0.20778588
1707 0 0.238376106
1708 0 0.09259508499999999
1709 0 0.173227828
1710 0 0.23372433
1711 0 1.65e-05
1712 1.49e-07 4.07e-05
1713 0 3.99e-06
1714 0 6.24e-06
1715 0 6.22e-06
1716 0 1.09e-05
1717 0 8.899999999999999e-06
1718 0 1.35e-05
1719 0 5.41e-06
1720 0 7.22e-06
1721 0 9.58e-06
1722 0 1.36e-05
1723 0 4.17e-06
1724 0 5.58e-06
1725 0 1.52e-05
1726 0 1.23e-05
1727 0 7.05e-06
1728 0 2.37e-06
1729 0 4.63e-06
1730 0 6.8e-06
1731 0.026012315 0.052276809
1732 0.027210978 0.048275236
1733 0.02830161 0.046921508
1734 0.02405034 0.04455292
1735 0.027796528 0.047711232
1736 0.028262741 0.045254179
1737 0.027541392 0.045032028
1738 0.025619567 0.044319302
1739 0.027307809 0.045897558
1740 0.018441217 0.044937646
1741 0.026319179 0.040671388
1742 0.027978839 0.039861334
1743 0.027319569 0.043692559
1744 0.026076898 0.046680368
1745 0.016866002 0.038949314
1746 0.026912313 0.040423523
1747 0.025795661 0.040448959
1748 0.022385092 0.038399144
1749 0.025811615 0.038730777
1750 0.017263749 0.03725872
1751 0.024376545 0.038010336
1752 0.021471874 0.038431215
1753 0.023784424 0.039620462
1754 0.021521303 0.037843731
1755 0.02123809 0.03763098
1756 0.021684952 0.037492959
1757 0.021459237 0.037046926
1758 0.008449707000000001 0.037646022
1759 0.018415874 0.035953973
1760 0.015800162 0.0365214
1761 0.030019761 0.046777469
1762 0.027654999 0.046771726
1763 0.028730934 0.05046969
1764 0.027998899 0.046910198
1765 0.029788804 0.053576034
1766 0.026750342 0.046896064
1767 0.028641366 0.044256431
1768 0.025400778 0.043246419
1769 0.027561986 0.044754082
1770 0.018829217 0.042617225
1771 0.02855985 0.040334573
1772 0.026898326 0.042079628
1773 0.028793368 0.040986167
1774 0.027841684 0.040841523
1775 0.020658883 0.04102303
1776 0.027497965 0.038135483
1777 0.024801582 0.039364687
1778 0.024075607 0.039851452
1779 0.025913657 0.03805373
1780 0.018039019 0.038251159
1781 0.026348744 0.037129066
1782 0.022953505 0.037259736
1783 0.018484076 0.037104452
1784 0.019190845 0.036923223
1785 0.022375728 0.036863753
1786 0.022942954 0.036996866
1787 0.020984675 0.036385911
1788 0.00995276 0.036968854
1789 0.020393904 0.037139879
1790 0.018282506 0.036824584
1791 0 94.91567669
1792 0.260762197 76.18109751999999
1793 0 65.92674088
1794 0 77.62590957
1795 0 73.56138738
1796 0 93.61155612
1797 0 63.11439868
1798 0 104.5902773
1799 0 38.81295478
1800 0 77.22846789
1801 0 144.8575341
1802 0 95.79559082999999
1803 0 45.99862127
1804 0 65.15044965
1805 0 78.1725709
1806 0 148.1452218
1807 0 101.6790083
1808 0 20.65657978
1809 0 43.34499303
1810 0 93.60829823
1811 0.017482397 0.031260792
1812 0.01826116 0.031352172
1813 0.018115458 0.030717545
1814 0.014821396 0.029145968
1815 0.019143798 0.03264013
1816 0.016832854 0.03021147
1817 0.018665986 0.033364351
1818 0.01819335 0.030900647
1819 0.018373677 0.035284796
1820 0.013270969 0.032857672
1821 0.019038799 0.031538936
1822 0.019813248 0.029654039
1823 0.020208305 0.033269325
1824 0.018283957 0.034367299
1825 0.012800768 0.030564475
1826 0.018967186 0.030946032
1827 0.018718283 0.031086204
1828 0.01761345 0.030878104
1829 0.019832112 0.033425944
1830 0.014221239 0.030470495
1831 0.01899728 0.031080059
1832 0.019580238 0.034245458
1833 0.018324902 0.031593298
1834 0.019184242 0.03408185
1835 0.019857971 0.031070142
1836 0.019661689 0.032663862
1837 0.018285155 0.031614118
1838 0.007005361 0.03245975
1839 0.018943803 0.032164727
1840 0.013097536 0.03222408
1841 0 353.1064802
1842 0.6469838 304.0725115
1843 0 247.4074756
1844 0 268.4776543
1845 0 239.9623663
1846 0 363.060854
1847 0 228.8998795
1848 0 389.0980498
1849 0 134.0519059
1850 0 284.3907594
1851 0 544.8974361
1852 0 352.7634506
1853 0 175.8120148
1854 0 245.4041762
1855 0 269.9918668
1856 0 511.6629085
1857 0 351.1782324
1858 0 76.84686483
1859 0 163.2689009
1860 0 348.2427545
1861 -0.018254473 0.026281038
1862 -0.012000358 0.019574973
1863 -0.019052984 0.023478265
1864 -0.012075944 0.020393124
1865 -0.010192315 0.023207154
1866 -0.011417751 0.017790262
1867 -0.01285208 0.026101585
1868 -0.011123797 0.01870491
1869 -0.016403472 0.022037479
1870 -0.010710049 0.016953173
1871 -0.015873405 0.021576706
1872 -0.011924974 0.014929605
1873 -0.015044687 0.022879885
1874 -0.009877864 0.018600168
1875 -0.011179743 0.021933525
1876 -0.009221045000000001 0.019381641
1877 -0.013464028 0.022726013
1878 -0.009197261 0.018052492
1879 -0.013517029 0.020955182
1880 -0.016027521 0.023252257
1881 -0.014211751 0.022069559
1882 -0.009947322999999999 0.01770506
1883 -0.013461109 0.019712345
1884 -0.010393815 0.015723377
1885 -0.016954454 0.021488221
1886 -0.012810731 0.014567732
1887 -0.015856738 0.020821199
1888 -0.011444884 0.016454179
1889 -0.014638569 0.022879768
1890 -0.010072073 0.023177
1891 -0.01659669 0.022198958
1892 -0.009259242000000001 0.017277142
1893 -0.020752825 0.021163461
1894 -0.017445814 0.016089435
1895 -0.014672816 0.021555167
1896 -0.012155398 0.016669818
1897 -0.014593773 0.019081286
1898 -0.014935612 0.017632879
1899 -0.015889978 0.022959537
1900 -0.009808351999999999 0.022215715
1901 -0.016895903 0.023452478
1902 -0.014337971 0.017735553
1903 -0.016006646 0.020686964
1904 -0.013402548 0.017079486
1905 -0.012451706 0.022787183
1906 -0.0110001 0.017006767
1907 -0.018629622 0.023166063
1908 -0.010110433 0.016983875
1909 -0.013666752 0.01876139
1910 -0.012769678 0.015878479
1911 -0.021610035 0.019070377
1912 -0.018863073 0.016462494
1913 -0.013824172 0.021312336
1914 -0.010426283 0.015364119
1915 -0.016607561 0.039546191
1916 -0.010262743 0.025852856
1917 -0.016798346 0.018682926
1918 -0.017814697 0.015771627
1919 -0.013115582 0.019863354
1920 -0.011696339 0.023291524
